0
0
0
0
0
0
0
300
300
300
300
300
600
600
600
3600
3600
3600
3600
3600
3600
3600
3600
3600
3600
3900
3900
3900
3900
4200
4500
4500
4500
4500
4500
4500
4500
4500
4500
4500
4500
4500
4500
4500
4500
4500
4500
4500
4800
4800
4800
4800
5100
5400
8400
8400
8400
8400
8400
8400
11400
11400
11400
11400
11400
11400
11400
11400
11400
11700
11700
11700
11700
11700
11700
11700
11700
11700
11700
11700
11700
11700
11700
11700
11700
12000
12300
12300
12300
12300
12300
12600
12600
12600
12600
12600
12600
12900
12900
12900
13200
13200
13200
13200
13200
13200
13200
13200
13200
13200
13200
13200
13200
13200
13200
13200
13200
13200
13200
16200
19200
19200
19200
19200
19200
19200
19200
19200
19200
19200
19200
19200
19200
19200
19200
19200
19200
19200
19200
19200
19200
19200
19200
19200
19200
19200
19200
19200
19200
19200
19200
19200
19500
19500
19800
19800
19800
20100
20100
20100
20100
20100
20100
20100
20100
20100
20100
20100
20100
20100
20400
20700
21000
21000
21000
21000
24000
24000
27000
27000
27300
27600
27600
27600
27600
27600
27600
27600
27600
27600
27600
27600
27600
27900
27900
27900
27900
27900
27900
27900
27900
27900
27900
27900
27900
27900
27900
27900
27900
28200
28200
28200
28200
28200
28200
28200
28200
28200
28200
28200
28200
28500
28500
28500
28500
28500
28500
28500
28500
28500
28500
28500
28500
28500
28500
28500
28500
28500
28800
28800
28800
31800
31800
31800
31800
31800
31800
31800
32100
32100
32100
32100
32100
32100
32100
32100
32100
32100
32100
35100
35100
35100
35100
35100
35100
35100
35100
35100
35100
35100
35100
35100
35100
35100
35100
35100
35100
35100
35100
35100
35100
35100
35100
35100
35100
35100
35100
35100
35100
35100
35100
35100
35100
35100
35100
35100
35100
35100
35400
35400
35400
35400
35700
35700
36000
36000
36300
36300
36300
36300
36300
36300
36300
36600
36600
36600
36600
36600
36900
36900
36900
36900
36900
36900
36900
36900
36900
37200
37200
37500
37500
37500
37500
37800
37800
37800
37800
38100
38100
38400
38400
38400
38400
38400
38400
38400
38400
38400
38400
38400
38400
38700
38700
38700
38700
38700
39000
39000
39000
39000
39000
39000
39000
39000
39000
39000
39000
39000
39300
39300
39300
39300
39300
39300
39300
39300
39300
39300
39600
39600
39600
39600
39600
39900
39900
39900
42900
42900
43200
43200
43200
43200
43200
43200
43200
43200
43200
43200
43200
43200
43500
43800
43800
43800
43800
43800
43800
43800
43800
43800
43800
43800
43800
43800
43800
43800
43800
43800
46800
46800
46800
46800
46800
46800
46800
46800
46800
46800
46800
46800
46800
46800
46800
46800
46800
46800
46800
46800
46800
46800
46800
46800
46800
46800
46800
46800
46800
46800
46800
46800
46800
46800
46800
46800
46800
46800
46800
47100
47100
47400
47400
47400
47400
47400
47400
47400
47400
47400
47400
47400
47400
47400
47400
47400
47400
47400
47400
47400
47400
47400
47400
47400
47400
47400
47700
47700
47700
47700
47700
47700
47700
47700
47700
47700
47700
47700
47700
47700
48000
48000
48000
48000
48000
48000
48300
48300
48300
48300
48600
48600
48600
48600
48600
48600
48900
48900
49200
49200
49200
49200
49200
49200
49200
52200
52200
52200
52200
52200
52200
52500
52500
52500
52500
52500
52500
52500
52500
52500
52500
52800
52800
52800
52800
52800
52800
52800
52800
52800
52800
52800
52800
52800
52800
52800
52800
52800
52800
52800
52800
52800
52800
52800
52800
52800
52800
53100
53100
53100
53100
53400
53400
53400
53400
53400
53400
53400
53400
53400
53400
53700
53700
53700
53700
53700
53700
53700
53700
53700
53700
53700
53700
53700
53700
53700
53700
53700
53700
53700
53700
53700
53700
53700
53700
56700
56700
56700
56700
56700
56700
56700
56700
59700
59700
59700
59700
59700
59700
59700
59700
59700
60000
60300
60300
60300
60600
60600
60600
60600
60600
60600
60900
60900
60900
60900
60900
60900
60900
60900
60900
60900
60900
60900
60900
60900
60900
60900
60900
61200
61200
61200
61200
61200
61200
61200
61200
61200
61200
61200
61200
61200
61200
61200
61200
61500
61500
61500
61800
61800
61800
62100
62100
62100
62100
62100
62100
62400
62400
62400
65400
65400
65700
65700
65700
65700
65700
65700
65700
65700
65700
66000
66000
66000
66000
66000
66300
66300
66300
66300
66300
66300
66300
66300
66600
66600
66600
66600
66600
66600
66600
66600
66600
66600
66600
66900
66900
66900
66900
66900
66900
66900
66900
66900
66900
66900
66900
66900
66900
66900
66900
66900
66900
66900
66900
66900
66900
66900
66900
66900
66900
66900
66900
66900
66900
66900
66900
66900
66900
66900
66900
66900
66900
66900
66900
66900
66900
66900
66900
66900
66900
66900
66900
66900
66900
66900
66900
66900
66900
66900
66900
67200
67200
67200
67200
67200
67200
67200
67200
67200
67200
67200
67200
67200
67200
67200
67200
67200
67200
67200
67200
67200
67200
67500
67500
77500
77500
77800
77800
77800
77800
77800
77800
77800
77800
77800
77800
77800
78100
78100
78400
78400
78400
78400
78400
78400
78400
78400
78400
78400
78400
78400
78700
78700
79000
79000
79000
79300
79300
79300
79300
79300
79300
79300
79300
79300
79300
79300
79300
79300
79300
79300
79300
79600
79600
79600
79600
79600
79600
79600
79900
79900
80200
80500
80800
80800
80800
80800
80800
81100
81100
81100
81100
81100
81100
81100
81100
81100
81100
81100
81100
81100
81100
81100
81100
81100
81100
81100
81100
81100
81100
81100
81100
81100
81400
81400
81400
81400
81700
81700
81700
81700
81700
81700
81700
81700
81700
81700
81700
81700
81700
81700
81700
82000
82000
82000
82000
82000
82000
82300
82300
82300
82300
82300
82300
82300
82300
82300
82300
82300
82300
82300
82300
82300
82300
82300
82300
82300
82300
82600
82600
82600
82600
82600
82900
82900
82900
82900
82900
83200
83200
83200
83200
83200
83200
83200
83200
83200
83500
83500
83500
83500
83500
83800
83800
83800
84100
84100
84100
84100
84100
84100
84100
84100
84100
84100
84100
84400
84400
84400
84400
84400
84400
84400
84400
84400
84400
84400
84400
84400
84400
84400
84400
84400
84400
84400
84400
84400
84400
84400
84400
84400
84400
84400
84400
84400
84700
84700
85000
85000
85000
85000
85000
85000
85000
85000
85000
85000
85000
85000
85000
85300
85300
85300
85300
88300
88300
88300
88300
88300
88300
88300
88300
88300
88300
88300
88300
88300
88300
88300
88300
88300
88300
88600
88600
91600
91600
91600
91600
91900
91900
91900
91900
92200
92200
92200
92200
92200
92200
92200
92200
92500
92500
92500
92500
92500
92500
92500
92500
92500
92500
92500
92500
92500
92500
92800
93100
93100
93400
93400
93400
93400
93400
93400
93400
93400
93700
93700
93700
93700
93700
93700
93700
93700
94000
94000
94000
94000
94000
94000
94000
94000
94000
94300
94300
94300
94300
94300
94300
94300
94300
94300
94300
94300
94300
94300
94300
94300
94300
94300
94300
94300
94300
94600
94600
94600
94600
94600
94900
94900
95200
95200
95200
95200
95200
95200
95200
95200
95200
95200
95200
95200
95200
95200
95200
95200
95200
95200
95200
95200
95200
95200
95200
95200
95200
95500
95500
95500
95500
95500
95500
95500
95500
95500
95500
95500
95500
95500
95500
95500
95500
95500
95500
95500
95800
95800
95800
95800
95800
95800
95800
95800
95800
95800
95800
95800
95800
95800
96100
96100
96100
96100
96100
96100
96100
96100
96100
96100
96100
96100
96100
96100
96100
96100
96100
96100
96100
96400
96700
97000
97300
97300
97300
97300
97300
97300
97300
97300
97600
97600
97600
97600
97600
97900
97900
97900
97900
97900
97900
97900
97900
97900
97900
98200
98200
98200
98200
98200
98200
98200
98200
98200
98200
98200
98200
98200
98200
98200
98200
98200
98200
98200
98200
98200
98200
98200
98500
98500
98500
98500
98800
101800
101800
101800
101800
101800
101800
101800
101800
101800
101800
101800
101800
101800
101800
101800
101800
101800
101800
101800
101800
101800
101800
101800
101800
101800
101800
101800
101800
101800
101800
101800
101800
101800
101800
101800
101800
101800
102100
102400
102400
102400
102400
102400
102400
102400
102400
102400
102400
102400
102400
102400
102400
102400
102400
102400
102400
102400
102400
102400
102400
102400
102400
102700
102700
102700
102700
102700
102700
102700
102700
102700
102700
102700
102700
102700
102700
102700
102700
102700
102700
102700
102700
102700
102700
102700
102700
102700
102700
102700
102700
102700
102700
102700
102700
102700
103000
106000
106000
106000
106300
106300
106300
106300
106300
106300
106300
106300
106300
106300
106600
106600
106900
109900
110200
110200
110200
110200
110200
110200
110200
110500
110500
110500
110500
110500
110800
110800
110800
110800
110800
110800
110800
110800
110800
110800
110800
110800
110800
110800
111100
111100
111100
111100
111100
111100
111100
111100
111100
111100
111100
114100
114100
114100
114100
114100
114100
114100
114100
114100
114100
114100
114100
114100
114100
114400
114400
114400
117400
117400
117400
117400
117400
117400
117700
117700
117700
117700
117700
117700
117700
117700
117700
117700
117700
117700
117700
117700
118000
118300
118300
118300
118300
118600
118600
118600
118600
118600
118600
118600
118600
118600
118600
118600
118600
118600
118900
118900
118900
118900
119200
119200
119200
119500
119500
119500
119500
119800
119800
119800
119800
119800
119800
119800
119800
119800
119800
119800
119800
119800
119800
119800
119800
119800
120100
120100
120100
120400
120400
120400
120400
120400
120400
120400
120400
120400
120400
120400
120400
120400
120400
120400
120400
120400
120400
120400
120400
120400
120400
120400
120700
120700
120700
120700
120700
120700
121000
121000
121000
121000
121000
121000
121000
121000
121000
121000
121000
121000
121000
121000
121000
121000
121300
121300
121300
121300
121300
121300
121300
121300
121300
121300
121600
121900
121900
121900
121900
122200
122200
122200
122200
122200
122200
122200
122200
122200
122200
122200
122200
122200
122200
122200
122500
122500
122500
122800
122800
122800
125800
125800
125800
125800
125800
126100
126100
126100
126100
126100
126100
126100
126400
126400
126400
126400
126400
126400
126400
126400
126400
126400
126400
126400
126400
126400
126400
126400
126400
126400
126400
126400
126400
126400
126400
126400
126400
126400
126400
126400
126400
126400
126400
126400
126400
126400
126400
126400
126400
126400
126400
126400
126400
126400
126400
126400
126400
126400
126400
126400
126400
126700
126700
126700
126700
126700
126700
126700
126700
126700
126700
126700
127000
127000
127000
127000
127000
127000
127000
127000
127000
127000
130000
130000
130000
130000
130000
130000
130000
133000
133000
133300
133300
133300
133300
133300
133300
133600
133600
133600
133600
133600
133600
133900
133900
133900
133900
134200
134200
134200
134200
134200
134500
134500
134500
134500
134500
134800
134800
134800
134800
134800
134800
134800
134800
134800
134800
134800
134800
134800
134800
134800
134800
134800
134800
135100
135100
135100
135100
135100
135100
135100
135100
135100
135100
135100
135100
135100
135100
135100
135100
135100
135100
135100
135100
135100
135100
135400
135400
135400
135400
135400
135400
135400
135400
135400
135700
135700
135700
135700
135700
135700
135700
135700
135700
136000
136000
136000
136000
136000
136000
136000
136300
136300
136300
136300
136600
136600
136600
136600
136600
136600
136600
136600
136600
136600
136600
136600
136600
136600
136600
136600
136600
136600
136600
136600
136600
136600
136600
136600
136600
136600
136600
136900
136900
136900
136900
136900
136900
136900
136900
136900
136900
136900
136900
136900
136900
136900
136900
136900
136900
136900
136900
136900
136900
136900
136900
136900
136900
136900
136900
136900
136900
136900
136900
136900
136900
136900
136900
136900
136900
136900
137200
137200
137200
137500
137500
137500
137500
137500
137500
137500
137500
137500
137500
137500
137500
137800
137800
137800
137800
137800
137800
137800
137800
137800
137800
137800
137800
137800
138100
138100
138100
138100
138100
138100
138100
138100
138100
138100
138100
138100
138100
138100
138100
138100
138100
138100
138100
138100
138100
138100
138100
138100
138100
138100
138100
138100
138100
138100
138100
138400
138400
138400
138400
138400
138400
138700
139000
139000
139000
139000
139000
139000
139000
139000
139300
139300
139300
139300
139300
139300
139300
139600
139600
139600
139600
139600
139600
139600
139600
139900
139900
139900
139900
139900
140200
140200
140200
140200
140200
140200
140200
140500
140500
140500
140500
140500
140500
140500
140500
140500
140800
140800
140800
140800
140800
140800
140800
140800
140800
140800
140800
140800
140800
140800
140800
140800
140800
140800
140800
140800
140800
140800
140800
140800
140800
140800
140800
140800
140800
140800
140800
140800
141100
141100
141100
141100
141100
141100
141100
141100
141100
141100
141100
141100
141100
141100
141400
141400
141400
141400
141700
141700
141700
141700
141700
141700
141700
141700
141700
141700
141700
141700
141700
141700
141700
141700
141700
141700
141700
141700
142000
142000
142000
142000
142300
142300
142300
142300
142300
142300
142300
142300
142300
142300
142300
142300
142300
142300
142600
142600
142600
142600
142900
142900
142900
142900
142900
142900
142900
142900
142900
142900
142900
142900
142900
142900
142900
142900
142900
142900
142900
142900
142900
142900
142900
142900
142900
142900
143200
143200
143200
143200
143200
143200
143200
143200
143200
143200
143200
143200
143200
143200
143200
143200
143500
143500
143500
143500
143500
143500
143800
143800
143800
144100
144100
144100
144100
144100
144100
144100
144100
144400
144400
144400
144400
144400
144400
144700
144700
144700
144700
144700
144700
144700
144700
144700
144700
144700
144700
144700
145000
145000
145000
145000
145000
145300
145300
145300
145300
145300
145300
145300
145300
145300
145300
145300
145300
145600
145600
145600
145600
145600
145600
145600
145600
145900
145900
145900
145900
145900
145900
146200
146200
146200
146200
146200
146200
146500
146500
146500
146500
146500
146500
146500
146500
146500
146500
146500
146500
146500
146500
146800
146800
146800
146800
146800
146800
147100
147400
147400
147400
147400
147700
147700
147700
147700
148000
148000
148000
148000
148000
148000
148000
148300
148300
148300
148300
148300
148300
148300
148300
148300
148300
148300
148300
148300
148600
148600
148600
148900
148900
148900
148900
148900
148900
148900
148900
149200
149200
149200
149200
149200
149200
149200
149200
149200
149200
149200
149200
149200
149200
149200
149500
149500
149500
149500
149500
149500
149500
149500
149500
149500
149500
149800
149800
149800
149800
149800
149800
152800
152800
152800
152800
152800
152800
152800
152800
152800
152800
152800
152800
152800
152800
152800
152800
153100
153100
153100
153100
153100
153100
153100
153100
153100
153100
153100
153100
153100
153100
153100
153100
153100
153100
153100
153100
153100
153100
153100
153100
153100
153400
153400
153700
153700
153700
153700
153700
154000
154000
154000
154000
154300
154300
154300
154300
154600
154600
154900
154900
154900
154900
154900
154900
154900
154900
154900
154900
154900
154900
155200
155200
155500
155800
155800
155800
155800
155800
155800
155800
155800
155800
156100
156100
156100
156100
156100
156100
156100
156100
156400
156400
156400
156400
156400
156400
156400
156400
156700
156700
156700
156700
156700
156700
156700
156700
156700
156700
156700
156700
156700
156700
156700
156700
156700
156700
156700
156700
156700
156700
156700
156700
156700
156700
157000
157000
157000
157000
157000
157000
157000
157000
157000
157000
157000
157000
157000
157300
157300
157300
157300
157300
157300
157300
157600
157600
157600
157600
157900
157900
157900
157900
157900
157900
157900
157900
158200
158200
158200
158200
158200
158200
158200
158200
158500
158500
158500
158500
158500
158500
158500
158500
158500
158500
158500
158800
158800
158800
158800
158800
159100
159100
159100
159100
159100
159100
159100
159100
159100
159100
159100
159100
159400
159400
159700
159700
159700
159700
159700
159700
159700
159700
159700
159700
159700
159700
160000
160000
160000
160000
160000
160000
160000
160000
160000
160000
160000
160000
160000
160300
160300
160300
160300
160300
160300
160300
160300
160300
160300
160300
160300
160300
160300
160300
160600
160600
160600
160600
160600
160600
160600
160600
160600
160600
160600
160600
160600
160600
160600
160600
160600
160900
160900
160900
160900
160900
160900
160900
160900
160900
160900
160900
160900
160900
160900
160900
160900
160900
160900
160900
160900
160900
160900
160900
160900
160900
160900
160900
160900
161200
164200
164200
164200
164200
164200
164200
164200
164500
164800
164800
164800
164800
164800
164800
164800
164800
164800
164800
165100
165100
165100
165100
165100
165100
165400
165400
165400
165400
165700
165700
165700
165700
165700
165700
165700
165700
165700
165700
165700
166000
166000
166000
166000
166000
166000
166000
166000
166000
166000
166000
166000
166000
166000
166000
166000
166000
166000
166000
166000
166000
166000
166000
166000
166000
166000
166000
166000
166000
166000
166000
166000
166000
166000
166000
166000
166000
166000
166000
166000
166000
166000
166000
166000
166000
166000
166000
166000
166000
166000
166000
166000
166000
166300
166600
166600
166600
166600
166600
166600
166600
166600
166600
166600
166900
166900
166900
166900
166900
166900
166900
166900
167200
167200
167200
167200
167200
167200
167200
167200
167200
167200
167200
167200
167500
167500
167500
167500
167500
167500
167500
167500
167500
167500
167500
167500
167500
167500
167500
167500
167500
167500
167500
167500
167500
167500
167500
167800
167800
167800
167800
167800
167800
167800
167800
167800
167800
168100
168100
168100
168100
168400
168400
168400
168400
168400
171400
171400
171700
171700
171700
171700
171700
171700
171700
171700
171700
171700
171700
171700
171700
171700
171700
171700
171700
171700
171700
171700
171700
171700
171700
171700
171700
171700
171700
171700
171700
171700
171700
171700
171700
171700
171700
171700
171700
171700
171700
171700
171700
171700
171700
171700
172000
172000
172000
172300
172300
172300
172300
172300
172300
172300
172600
172600
172600
172600
172600
172600
172600
172600
172600
172600
172600
175600
175600
175600
175600
175900
176200
176200
176200
176200
176200
176500
176500
176800
176800
176800
176800
176800
176800
176800
176800
176800
176800
176800
176800
176800
176800
176800
176800
176800
176800
176800
176800
176800
176800
176800
176800
176800
176800
176800
176800
177100
177100
177100
177100
177100
177100
177100
177100
177100
177100
177100
177100
177100
177100
177100
177100
177100
177100
177100
177100
177100
177100
177100
177100
177400
177700
177700
177700
177700
177700
177700
177700
177700
178000
178300
178300
178300
178300
178300
178300
178600
178600
178900
178900
178900
178900
178900
178900
178900
179200
179200
179200
179200
179200
179200
179200
179200
179200
179200
179500
179500
179500
179500
179500
179800
180100
180100
180100
180100
180100
180100
180100
180100
180100
180100
180400
180400
180400
180400
180400
180400
180400
180700
180700
180700
180700
180700
180700
180700
180700
180700
181000
181300
181300
181600
181600
181600
181600
181600
181600
181600
181600
181600
181600
181600
181900
181900
181900
181900
181900
181900
181900
181900
181900
181900
181900
181900
181900
181900
181900
181900
181900
181900
181900
181900
181900
181900
181900
182200
182200
182200
182200
182200
182200
182200
182200
182200
182200
182200
182200
182200
182200
182200
182200
182200
182200
182200
182500
182500
182500
182500
182500
182500
182500
182500
182500
182500
185500
185500
185500
185500
185800
185800
185800
185800
185800
185800
185800
185800
185800
185800
185800
185800
185800
185800
185800
185800
185800
185800
185800
185800
185800
185800
186100
186400
186400
186400
186400
186400
186400
186400
186400
186400
186400
186400
186400
186400
186400
186400
186400
186400
186700
186700
186700
186700
186700
186700
186700
186700
186700
186700
186700
186700
187000
187300
187600
187600
187600
187600
187600
187600
187600
187600
187600
187600
187600
187900
187900
187900
188200
188200
188200
188200
188200
188500
188500
188500
188500
188500
188800
188800
188800
188800
188800
188800
188800
189100
189100
189100
189100
189400
189400
189700
189700
189700
189700
189700
190000
190000
190000
190000
190000
190000
190000
190000
190000
193000
193000
193000
193000
193000
193000
193000
193000
193000
193000
193000
193000
193000
193000
193000
193000
193000
193000
193000
193000
193000
193000
193000
193000
193000
193000
193000
193300
193300
193300
193300
193300
193600
193600
193600
193600
193600
193600
193900
193900
193900
193900
193900
193900
193900
193900
193900
193900
193900
193900
193900
193900
193900
193900
193900
193900
193900
193900
193900
193900
193900
193900
193900
193900
193900
193900
193900
193900
193900
193900
194200
194200
194500
194500
194500
194500
194800
194800
194800
194800
194800
194800
194800
195100
195100
195100
195100
195100
195100
195100
195400
195400
195400
195400
195400
195400
195400
195400
195400
195400
195700
195700
195700
195700
195700
195700
196000
196000
196000
196000
196000
196000
196000
196000
196000
196300
196300
196300
196300
196300
196300
196300
196300
196300
196300
196600
196600
196600
196600
196600
196600
196600
196600
196600
196600
196600
196600
196600
196600
196900
196900
197200
197200
197200
197200
197200
197200
197200
197200
197200
197200
197200
197200
197200
197200
197200
197500
197500
197500
197500
197500
197500
197500
197500
197500
197500
197500
197500
197500
197500
197500
197500
197500
197500
197800
197800
197800
197800
197800
197800
197800
197800
197800
197800
197800
197800
197800
197800
197800
197800
197800
197800
197800
197800
197800
197800
198100
198100
198100
198100
198100
198100
198100
198100
198100
198400
198400
198400
198400
198400
198400
198400
198400
198400
198400
201400
201400
201700
202000
202300
202300
202300
202300
202300
202300
202300
202300
202300
202300
202300
202300
202300
202300
202300
202300
202300
202300
202300
202300
202300
202300
202300
202300
202300
202300
202300
202300
202300
202300
202300
202300
202300
202600
202600
202600
202600
202600
202600
202600
202600
202600
202600
202600
202900
202900
202900
202900
202900
202900
202900
202900
202900
202900
202900
202900
202900
202900
202900
202900
202900
202900
202900
202900
202900
202900
202900
202900
202900
202900
202900
202900
202900
202900
202900
202900
202900
203200
203200
203500
203500
203500
203500
203500
203500
203500
203500
203500
203500
203800
204100
204100
204100
204100
204400
204400
204400
204700
204700
204700
204700
204700
204700
204700
204700
204700
204700
204700
204700
204700
204700
204700
204700
205000
205000
205000
205000
205000
205000
205300
205300
205300
205300
205300
205300
205300
205600
205600
205600
205600
205600
205600
205900
205900
205900
206200
206200
206200
206200
206200
206200
206200
206200
206200
206200
206200
206200
206200
206200
206200
206200
206200
206200
206200
206200
206200
206200
209200
209200
209200
209200
209200
209200
209200
209200
209500
209500
209500
209500
209500
209500
209500
209500
209500
209500
209500
209500
209800
209800
212800
212800
212800
212800
212800
213100
213100
213100
213100
213100
213100
213100
213100
213100
213100
213100
213100
213100
213400
213400
213400
213400
213400
213400
213400
213400
213400
213700
213700
213700
213700
213700
213700
213700
213700
213700
213700
214000
214000
214000
214300
214300
214300
214300
214300
214300
214600
214600
214600
214600
214600
214600
214600
214600
214600
214600
214600
214600
214600
214600
214600
214600
214600
214600
214600
214600
214600
214600
214600
214600
214600
214600
214600
214600
214600
214600
214600
214600
214900
214900
214900
214900
214900
214900
214900
214900
214900
214900
214900
214900
215200
215200
215200
215200
215500
215500
215800
215800
215800
216100
216100
216100
216100
216100
216100
216100
216100
216100
216100
216100
216100
216100
216100
216100
216100
216400
216400
216400
216700
216700
216700
217000
217000
217000
217000
217000
217000
217000
217000
217300
217300
217300
217300
217300
217300
217300
217300
217300
217300
217300
217300
217300
217300
217300
217300
217300
217300
217300
217300
217300
217300
217300
217300
217300
217300
217300
217300
217300
217600
217600
217600
217600
217900
217900
217900
217900
217900
217900
217900
218200
218200
218200
218200
218200
218200
218200
221200
221500
221500
221800
221800
221800
221800
221800
221800
221800
221800
221800
221800
221800
221800
221800
221800
222100
225100
225100
225100
225100
225100
225100
225100
225100
225100
225400
225400
225400
225400
225400
225400
225400
225700
225700
225700
225700
225700
225700
225700
226000
226000
226000
226000
226000
226000
226000
226300
226600
226600
226600
226600
226600
226600
226600
226600
226600
226600
226600
226600
226600
226600
226600
226900
226900
229900
230200
230200
230200
230200
230200
230200
230200
230200
230200
230200
230200
230200
230200
230200
230200
230200
230200
230200
230200
230500
230500
230500
230500
230500
230500
230500
230500
230500
230500
230500
230500
230500
230500
230500
230500
230500
230500
230500
230500
230500
230500
230500
230500
230500
230500
230500
230500
230500
230500
230500
233500
233500
233500
233500
233500
233500
233500
233500
233500
233500
233500
233500
233500
233500
233500
233500
233500
233500
233500
233500
233500
233500
233800
233800
233800
233800
233800
233800
233800
233800
233800
233800
233800
233800
233800
233800
233800
233800
233800
233800
233800
234100
234100
234100
234100
234100
234100
234100
234100
234100
234100
234100
244100
244100
244100
244100
244100
244100
244100
244100
244400
244400
244400
244400
244400
244400
244400
244700
244700
244700
244700
244700
244700
244700
244700
244700
244700
245000
245300
245300
245300
245600
245600
245600
248600
248600
248600
248600
248600
248600
248600
248600
248900
249200
249500
249500
249500
249500
249500
249500
249500
249500
249500
249500
249500
249500
249800
249800
249800
259800
259800
259800
259800
259800
259800
260100
260100
260100
260100
260100
260100
260100
260100
260100
260100
260100
260100
260100
260100
260100
260100
260100
260100
260400
260400
260400
260400
260400
260400
260400
260400
260400
260400
260400
260400
260400
260700
260700
261000
261000
261000
261300
261300
261300
261600
261600
261600
261600
261600
261600
261600
261600
261600
261600
261600
261600
261600
261900
261900
261900
262200
262200
262200
262200
262200
262200
262200
262500
262500
262500
262500
262500
262500
262500
262500
262500
262500
262800
262800
262800
262800
262800
263100
263100
263100
263100
263100
263100
263100
263100
263400
263400
263400
263700
264000
264300
264600
264600
264600
264600
264600
264900
264900
264900
264900
264900
264900
265200
265200
265200
265200
265200
265200
265200
265200
265200
265200
265200
265200
265200
265200
265200
265200
265200
265200
265200
265200
265200
265200
265500
265800
265800
265800
266100
266100
266100
266100
266100
266100
266100
266100
266100
266400
266700
266700
266700
266700
267000
267300
267300
267300
267300
267300
267300
267300
267300
267300
267300
267300
267300
267300
267300
267300
267300
267300
267300
267300
267300
267300
267300
267300
267300
267300
267300
267300
267300
267300
267300
267300
267300
267300
267300
267300
267300
267300
267300
267300
267300
267300
267300
267300
267300
267300
267300
267600
267600
267600
267600
267600
267600
267600
267600
267600
267600
267600
267600
267900
267900
267900
267900
267900
267900
267900
268200
268200
268200
268200
271200
271200
271200
271200
271200
271200
271200
271200
271200
271200
271200
271200
271500
271500
271500
271500
271500
271500
271500
271800
271800
271800
271800
271800
271800
271800
271800
271800
271800
271800
271800
271800
271800
271800
271800
271800
271800
271800
271800
272100
272100
272100
272100
272400
272400
272400
272400
272400
272400
272400
272400
272400
272400
272400
272700
272700
273000
273000
273000
273000
273300
273300
273600
273600
273600
273600
273600
273600
273600
273600
273600
273600
273600
273900
273900
273900
273900
273900
273900
273900
273900
273900
273900
273900
273900
273900
273900
274200
274200
274200
274200
274200
274200
274200
277200
277200
277200
277200
277200
277500
277800
277800
277800
278100
278400
278400
278400
278400
278400
278400
278400
278400
278400
278400
278400
278400
278400
278700
279000
279000
279000
279000
279000
279300
279300
279300
279300
279300
279300
279300
279300
279300
279300
279600
279600
279600
279600
279600
279600
279600
279600
279600
279600
279600
279600
279600
279600
279600
279600
279900
279900
279900
280200
280200
280200
280200
280200
280200
280200
280500
280500
280500
280500
280500
280500
280500
280800
280800
280800
280800
280800
280800
280800
280800
280800
281100
284100
284100
284100
284100
284100
284100
284100
284100
284100
284100
284100
284100
284100
284100
284100
284400
284400
284400
284400
284400
284400
284400
284400
284400
284700
284700
285000
285000
285000
285000
285000
285000
285000
285000
285000
285000
285000
285000
285000
285000
285000
285300
285300
285300
285300
285300
285300
285300
285600
285600
285600
285600
285600
285600
285600
285600
285600
285600
285600
285600
285600
285600
285600
285600
285600
285600
285600
285600
285600
285600
285900
285900
285900
285900
285900
285900
285900
285900
285900
286200
286500
286500
286500
286500
286500
286500
286500
286500
286500
286500
286500
286500
286500
286500
286500
286500
286500
286500
286500
286800
286800
286800
286800
286800
286800
286800
286800
287100
287100
287400
287400
287400
287400
287400
287400
287400
287400
287400
287400
287400
287400
287400
287400
287400
287400
287400
287400
287400
287400
287400
287400
287400
287400
287400
287700
287700
287700
287700
287700
287700
288000
288300
288300
288300
288300
288300
288300
288300
288300
288300
288300
288300
291300
291300
291300
291300
291300
291300
291300
291300
291600
291600
291600
291900
291900
292200
292200
295200
295200
295200
295200
295200
295200
298200
298200
298200
298500
298500
298500
298500
298500
298500
298500
298500
298500
298500
298500
298500
298800
298800
298800
298800
298800
298800
299100
299100
299100
299100
299100
299100
299100
299100
299100
299100
299100
299100
299100
299100
299100
299100
299100
299400
299700
299700
299700
299700
299700
299700
300000
300000
300000
300300
300300
300300
300300
300300
300300
300300
300300
300300
300300
300300
300300
300300
300600
300600
300600
300600
300600
300600
300600
300600
300600
300600
300600
300600
300600
300900
300900
300900
300900
300900
300900
300900
300900
301200
301200
301200
301200
301200
301200
301200
301200
301200
301200
301200
301200
301200
301200
301200
301200
301500
301500
301500
301500
301500
301800
301800
301800
301800
301800
301800
302100
302400
302400
302400
302400
302400
302700
302700
302700
302700
302700
302700
302700
303000
303000
303000
303000
303000
303000
303000
303000
303000
303000
303000
303300
303300
303300
303300
303300
303300
303300
303300
303300
303300
303300
303600
303600
303600
303600
303600
303600
303600
303600
303900
303900
303900
304200
304200
304200
304200
304200
304200
304200
304200
304500
304500
304500
304800
304800
304800
304800
305100
305100
305100
305100
305100
305100
305100
305100
305100
305100
305100
305100
305100
305100
305100
305100
305100
305100
305100
305100
305400
305400
305700
305700
305700
305700
306000
306300
306600
306600
306600
306600
306600
306600
306600
306900
306900
307200
307200
307200
307500
307500
307500
307500
307500
307800
307800
307800
308100
308100
308100
308100
308100
308100
308100
308400
308400
308400
308400
308400
308400
308400
308400
308400
308400
308400
311400
311400
311700
312000
312000
312000
312000
312000
312000
312000
312000
312000
312300
312300
312300
312300
312300
312300
312300
312300
312300
312300
312300
312300
312300
312300
312300
312300
312300
312300
312300
312300
312300
312300
312600
312600
312600
312600
312600
312600
312600
312600
312600
312900
312900
312900
312900
312900
312900
312900
312900
312900
312900
312900
312900
312900
312900
312900
312900
312900
312900
312900
312900
312900
312900
312900
313200
313500
313500
313500
313500
313500
313500
313500
313500
313500
313500
313500
313500
313500
313500
313500
313500
313500
313500
313500
313500
313500
313500
313500
313500
313500
313800
313800
313800
313800
313800
314100
314100
314100
314400
314700
314700
314700
314700
314700
314700
315000
318000
318000
318000
318000
318000
318300
318300
318300
318600
318600
321600
321600
321600
321600
321600
321600
321900
321900
321900
321900
321900
321900
321900
321900
321900
321900
321900
321900
321900
321900
321900
321900
321900
321900
321900
321900
321900
321900
321900
321900
321900
321900
321900
321900
321900
322200
322500
322500
322500
322500
322500
322500
322500
322800
322800
322800
322800
322800
322800
322800
322800
322800
322800
322800
322800
322800
322800
322800
322800
322800
322800
323100
323100
323100
323100
323400
323400
323400
323400
323400
323700
323700
323700
323700
323700
323700
323700
323700
323700
323700
323700
323700
323700
323700
323700
323700
323700
323700
323700
323700
323700
323700
323700
323700
323700
323700
323700
323700
323700
323700
323700
323700
323700
323700
323700
323700
323700
323700
323700
323700
324000
324000
324000
324000
324000
324000
324000
324000
324000
324000
324000
324000
324300
324300
324300
324600
324600
324600
324600
324600
324600
324600
324600
324600
324600
324600
324600
324600
324600
324600
324600
324600
324600
324600
324600
324600
324600
324600
324600
324600
324600
324600
324600
324600
324600
327600
327600
327600
327600
327600
327600
327600
327600
327600
327900
327900
327900
327900
327900
327900
327900
327900
327900
327900
327900
328200
338200
338200
338200
338200
338200
338200
338200
338200
338200
338200
338200
338200
338200
338200
338200
338200
338200
338200
338500
338500
338500
338500
338500
338500
338500
338500
338500
338500
338500
338500
338500
338500
338500
338500
338800
338800
338800
339100
339100
339100
339100
339100
339100
339100
339100
339100
339400
339400
339400
339400
339400
339400
339400
339400
339400
339400
339400
339400
339400
339400
339700
339700
339700
340000
340000
340000
340000
340000
340000
340300
340300
340300
340300
343300
343300
343300
343300
343300
343300
343300
343300
343300
343300
343600
343600
343600
346600
346600
346600
346600
346600
346600
346600
346600
346900
347200
347500
347500
347500
347500
347500
347500
347500
347500
347500
347500
347800
347800
347800
347800
347800
347800
347800
347800
347800
347800
347800
347800
347800
347800
347800
347800
347800
347800
347800
348100
351100
351100
351100
351100
351100
351100
351100
351100
351100
351100
351100
351100
351100
351100
351100
351100
351400
351400
351400
351400
351400
351400
351400
351400
351400
351400
351400
351400
351700
351700
351700
351700
351700
351700
351700
351700
351700
351700
351700
351700
351700
351700
351700
352000
352000
352000
352300
352300
352300
352300
352300
352300
352600
352900
353200
353200
353500
353500
353500
353500
353500
353500
353500
353800
353800
353800
353800
353800
353800
354100
354100
354100
354100
354100
354100
354100
354100
354400
354400
354400
354400
354400
354400
354400
354400
354400
354400
354400
354400
354400
354400
354400
354400
354400
354400
354400
354700
354700
354700
355000
355000
355000
355000
355000
355000
355000
355000
355000
355000
355000
355000
355000
355000
355000
355000
355000
355000
355000
355000
355000
355000
355000
355000
355000
355000
355000
355000
355000
355000
355000
355000
355000
355300
355300
358300
358300
358300
358300
361300
361300
361300
361300
361300
361300
361300
361300
361300
361300
361600
361600
361600
361900
361900
361900
361900
361900
361900
362200
362200
362200
362200
362200
362200
362500
362500
362500
362500
362500
362500
362800
362800
362800
363100
363100
363100
363100
363100
363100
363100
363100
363400
363400
363400
363700
364000
364000
364000
364000
364000
364000
364000
364300
364600
364600
364600
364600
364600
364600
364600
364900
364900
364900
364900
364900
364900
364900
364900
365200
365200
365500
365500
365500
365500
365500
365500
365500
365500
365500
365500
365800
365800
366100
366100
366100
366100
366100
366100
366100
366100
366100
366100
366100
366100
366100
366100
366100
366100
366100
366100
366100
366100
366100
366100
366100
366100
366100
366100
366100
366100
366400
366400
366400
366400
366400
366400
366400
366400
366400
366400
366400
366700
366700
366700
366700
366700
366700
366700
367000
367000
367000
367000
367000
367300
367300
367600
367600
367600
367600
367600
367600
367600
367600
367600
367600
367600
367600
367600
367600
367600
367600
367600
367900
367900
367900
367900
367900
367900
367900
367900
367900
368200
368200
368200
368200
368200
368200
368200
368200
368200
368500
368500
368500
368800
368800
368800
368800
368800
368800
368800
369100
369100
369100
369400
369400
369400
369400
369400
369400
369700
369700
369700
369700
369700
369700
369700
369700
369700
369700
369700
369700
369700
369700
369700
369700
369700
370000
370000
370000
370000
370000
370000
370000
370000
370000
370000
370000
370000
370300
370300
370300
370300
373300
373300
373300
373600
373600
373600
373600
373600
373600
373600
373900
373900
373900
373900
373900
373900
373900
373900
373900
373900
373900
373900
373900
373900
373900
373900
373900
373900
373900
373900
373900
373900
373900
373900
373900
373900
373900
374200
374200
374200
374200
374200
374200
374200
374200
374200
374200
374200
374200
374200
374200
374500
374500
374500
374800
374800
374800
374800
374800
374800
374800
374800
374800
374800
374800
374800
374800
374800
374800
374800
374800
374800
374800
374800
374800
374800
374800
374800
375100
375100
375400
375400
375400
375400
375400
375400
375400
375400
375400
375700
375700
375700
375700
375700
375700
375700
375700
375700
375700
375700
375700
375700
375700
375700
375700
375700
375700
375700
375700
375700
375700
375700
375700
375700
375700
375700
375700
375700
375700
375700
375700
375700
375700
375700
375700
375700
375700
376000
376000
376000
376000
376000
376000
376000
376000
376000
376000
376000
376300
376300
376300
376300
376300
376300
376300
376300
376600
376600
376600
376600
376600
376600
376600
376600
376600
376600
376600
376600
376600
376600
376600
376600
376600
376600
376600
376600
376600
376600
376600
376600
376600
376900
376900
377200
377200
377200
377200
377200
377200
377200
377500
377500
377500
377500
377500
377500
377500
377800
377800
377800
377800
378100
378100
378100
378400
378700
378700
378700
378700
378700
378700
378700
378700
378700
378700
378700
378700
378700
378700
378700
378700
378700
378700
378700
378700
378700
378700
378700
378700
378700
378700
378700
379000
379000
379000
379000
379000
379000
379000
379000
379000
379000
379000
379000
379000
379000
379000
379000
379000
379300
379300
379300
379300
379600
379600
379600
379600
379600
379600
379600
379600
379900
379900
379900
379900
379900
379900
379900
379900
379900
379900
379900
379900
379900
379900
380200
380200
380200
380200
380500
380500
380500
380500
380500
380500
380500
380500
380500
380500
380800
380800
381100
381100
381100
381100
381100
381100
381100
381400
381400
381400
381400
381400
381400
381700
381700
381700
381700
382000
382000
382000
382000
382000
382000
382000
382000
382000
382000
382000
382000
382000
382000
382000
382000
392000
392000
392000
392000
392000
392000
392000
392000
392000
392000
392000
392000
392000
392000
392000
392000
392000
392000
392300
392300
392300
392300
392300
392300
392300
392300
392300
392300
392600
392600
392600
392600
392600
392600
392600
392600
392600
392600
392900
395900
395900
395900
395900
395900
395900
395900
395900
395900
395900
395900
395900
395900
395900
395900
395900
395900
395900
396200
396500
396500
396500
396500
396500
396500
396500
396500
396500
396500
396500
396500
396500
396500
396500
396500
396500
396500
396500
396500
396500
396500
396500
396500
396500
396800
396800
396800
396800
396800
396800
396800
396800
396800
396800
396800
396800
396800
396800
396800
396800
396800
396800
396800
396800
396800
396800
396800
396800
396800
396800
396800
397100
397100
397100
397100
397100
397400
397700
397700
397700
397700
397700
398000
398000
398000
398000
398000
398000
398000
398000
398000
398000
398300
398300
398300
398300
398600
398600
398600
398600
398900
398900
398900
398900
398900
398900
398900
399200
399200
399200
399200
399500
399500
399500
399500
399500
399500
399500
399500
399500
399500
399500
399500
399500
399500
399500
399500
399500
399500
399500
399500
399500
399500
399500
399500
399500
399500
399500
399800
399800
399800
399800
399800
399800
399800
399800
399800
399800
399800
400100
403100
403400
403400
403400
406400
406400
406400
406400
406400
406400
406700
406700
406700
406700
406700
406700
406700
406700
406700
406700
406700
406700
406700
406700
406700
406700
406700
406700
406700
406700
406700
406700
406700
406700
406700
406700
407000
407000
407000
407000
407000
407000
407300
407300
407600
407600
407600
407600
407600
407600
407600
407600
407600
407600
407600
407600
407600
407600
407600
407600
407600
407600
407600
407600
407900
407900
407900
407900
407900
407900
407900
407900
407900
407900
407900
407900
407900
407900
407900
407900
407900
407900
407900
407900
407900
407900
407900
408200
408200
408200
408200
408200
408200
408200
408200
408200
408200
408500
408500
408500
408500
408500
408500
408800
409100
409100
409100
409100
409100
409400
409400
409400
409400
409400
409400
409400
409400
409400
409400
409400
409400
409400
409700
409700
409700
409700
412700
412700
412700
413000
413300
413300
413300
413300
413300
413300
413600
413900
413900
413900
413900
413900
413900
414200
414200
414200
414200
414200
414200
414200
414500
414500
414500
414500
414500
414500
414500
414500
414500
414500
414500
414800
414800
414800
414800
414800
414800
414800
414800
414800
414800
414800
415100
415100
415100
415100
415100
415100
415400
415400
415400
415400
415400
415400
415400
415400
415400
415400
415400
415400
415400
415700
415700
415700
415700
415700
415700
415700
415700
415700
415700
415700
415700
415700
415700
415700
415700
415700
415700
415700
415700
415700
415700
415700
415700
415700
415700
415700
415700
415700
415700
415700
415700
416000
416000
416000
416000
416000
416000
416000
416000
416000
416000
416000
416000
416000
416000
416000
416000
416000
416000
416000
416000
416000
416000
416000
416000
416000
416000
416000
416000
416000
416000
416000
416000
416000
416000
416000
416000
416000
416000
416000
416000
416000
416000
416000
416000
416000
416300
416300
416300
416300
416300
416300
416300
416300
416300
419300
419600
419600
419600
419600
419600
419600
419600
419600
419600
419600
419600
419600
419600
419600
419600
419600
419600
419900
419900
419900
420200
420200
420200
420200
420200
420200
420200
420200
420200
420200
420200
420200
420200
420200
420200
420200
420200
420200
420200
420500
420800
420800
420800
420800
421100
421100
421100
421100
421100
421100
421100
421100
421100
421100
421100
421100
421100
421100
421100
421400
421400
421700
421700
421700
421700
421700
421700
421700
421700
421700
422000
422000
422000
422000
422000
422300
422300
422300
422300
422300
422300
422300
422300
422300
422300
422300
422600
422900
422900
422900
422900
422900
423200
423200
423200
423200
423200
423500
423500
423500
423500
423500
423500
423500
423500
423500
423500
423800
426800
426800
426800
426800
426800
426800
426800
426800
427100
427100
427100
427100
427100
427100
427100
427100
427100
427100
427100
427400
427700
427700
427700
427700
427700
427700
427700
428000
428000
428000
428000
428000
428000
428000
428000
428000
428000
428000
428000
428000
428000
428000
428000
428300
428300
428300
428300
428300
428300
428300
428300
431300
431300
431300
431300
434300
434300
434300
434300
434300
434300
434300
434300
434300
434300
434300
434300
434300
434600
434600
434600
434600
434600
434600
434600
434600
434600
434600
434600
434600
434600
434600
434600
434600
434600
434600
434600
434600
434600
434600
434600
434600
434600
434600
434600
434600
434600
434600
434900
435200
435200
435200
435200
435200
435200
435200
435500
435500
435500
435800
435800
435800
435800
435800
435800
435800
435800
435800
435800
435800
435800
435800
435800
436100
436100
436100
436100
436100
436100
436100
436400
436700
436700
436700
436700
437000
437000
437000
437000
437000
437000
437000
437000
437000
437000
437000
437000
437000
437000
437000
437000
437300
437300
437300
437300
437300
437300
437300
437300
437300
437300
437300
437300
437300
437300
437300
437300
437300
437300
437300
437300
437300
437300
437300
437300
437300
437300
437300
437300
437300
437300
437300
437300
437300
437300
437300
437300
437300
437300
437300
437300
437300
437300
437300
437300
437300
437300
437300
437300
437300
437300
437300
437300
437300
437300
437600
437900
437900
438200
438200
438200
438200
438200
438200
438500
438500
438500
438500
438500
438800
439100
439100
439100
439400
439400
439400
439400
439400
439400
439400
439400
439400
439400
439400
439400
439400
439400
439400
439400
439400
439400
439400
439400
439400
439400
439400
439400
439400
439400
439400
439400
439700
439700
439700
439700
439700
439700
439700
439700
439700
439700
439700
439700
440000
440000
440000
440000
440000
440000
440000
440000
440000
440000
440000
440000
440000
440000
440300
440300
440300
440300
440600
440900
440900
440900
440900
440900
440900
440900
440900
440900
440900
440900
440900
440900
440900
440900
440900
440900
440900
440900
440900
440900
440900
440900
440900
440900
440900
441200
441200
441200
441200
441200
441200
441200
441200
441200
441200
441200
441200
441500
441800
442100
442100
442100
442100
442100
442100
442100
442100
442100
442100
442100
442100
442100
442100
442100
442100
442100
442100
442400
442400
442400
442400
442400
442400
442700
442700
442700
442700
442700
442700
442700
442700
442700
442700
442700
442700
443000
443000
443000
443000
443000
443000
443000
443000
443000
443000
443000
443300
443300
443300
443300
443300
443300
443300
443300
443300
443300
443300
443300
443300
443300
443300
443300
443300
443300
443300
443300
443300
443300
443300
443300
443300
443300
443300
443300
443300
443300
443300
443300
443600
443600
443600
443600
443600
443600
443600
443600
443600
443600
443600
443600
443600
443600
443600
443600
443600
443600
443600
443600
443600
443600
443600
443600
443600
443600
443600
443900
444200
444500
444500
444500
444500
444500
444500
444500
444500
444500
444500
444500
444500
444500
444500
444500
444500
444500
444500
444500
444500
444500
444500
444800
444800
444800
444800
444800
444800
445100
445100
445400
445400
445400
445400
445400
445400
445400
445400
445400
445400
445400
445400
445400
445400
445400
445400
445400
445400
445400
445400
445400
445400
445400
445400
445400
445400
445400
445400
445400
445400
445700
445700
445700
445700
445700
445700
445700
445700
445700
445700
445700
445700
446000
446000
446300
446300
446600
446600
446600
446600
446600
446600
446600
446600
446600
446600
446600
446600
446600
446600
446600
446600
446600
446600
446600
446600
446600
446600
446600
446600
446600
446600
446600
446600
446900
446900
446900
446900
446900
446900
446900
446900
446900
446900
446900
447200
447200
447200
447200
447200
447200
447200
447200
447200
447200
447200
447200
447200
447200
447200
447200
447200
447200
447200
447200
447200
447200
447200
447200
447200
447200
447200
447200
447200
447200
447200
447200
447200
447200
447200
447200
447200
447200
447500
447500
447500
447500
447800
447800
447800
447800
447800
447800
447800
447800
447800
447800
447800
447800
447800
447800
448100
448100
448400
448400
448400
448400
448400
448400
448400
448400
448400
448400
448400
448400
448400
448400
448400
448400
448400
448400
448400
448400
448400
448700
448700
448700
448700
448700
448700
448700
448700
448700
448700
448700
448700
448700
448700
448700
448700
448700
448700
448700
448700
448700
448700
448700
448700
449000
449000
449000
449000
449000
449000
449300
449300
449300
449300
452300
452600
452600
452900
452900
452900
452900
452900
452900
452900
452900
452900
452900
452900
452900
452900
452900
452900
452900
452900
452900
452900
452900
452900
452900
452900
452900
452900
452900
452900
452900
452900
452900
452900
452900
452900
452900
452900
452900
452900
452900
453200
453200
453200
453200
453500
453500
453500
453500
453500
453500
453500
453500
453500
453500
453500
453800
453800
453800
453800
453800
453800
453800
453800
453800
453800
454100
454100
454100
454100
454100
454400
454700
454700
454700
454700
454700
454700
455000
455000
455000
455000
455000
455300
455300
455300
455300
455300
455600
455600
455600
455600
455600
455600
455900
455900
455900
455900
455900
455900
455900
455900
455900
455900
455900
455900
455900
455900
455900
455900
455900
455900
455900
455900
455900
455900
455900
455900
455900
455900
455900
455900
455900
455900
455900
455900
455900
455900
455900
455900
455900
455900
456200
456200
456200
456200
456200
456200
456200
456200
456500
456500
456500
456500
456500
456800
456800
456800
456800
456800
456800
456800
457100
457100
457100
457100
457400
457400
457400
457400
457400
457400
457400
457400
457700
457700
457700
457700
457700
457700
457700
457700
457700
457700
457700
457700
458000
458000
458000
458000
458000
458000
458000
458000
458000
458000
458300
458300
458300
458300
458300
458300
458300
458300
458300
458300
458300
458600
458600
458600
458600
458600
458600
458600
458600
458600
458600
458600
458600
458600
458600
458900
458900
458900
458900
458900
459200
459200
459500
459500
459500
459500
459500
459500
459500
459500
459800
459800
459800
459800
459800
459800
459800
459800
459800
460100
460100
460100
460100
460100
460400
460400
460700
460700
460700
460700
460700
461000
461000
461000
461000
461000
461000
461300
461600
461600
461600
461600
461600
461600
461600
461600
461600
461600
461600
461600
461600
461900
461900
461900
461900
461900
461900
461900
461900
461900
461900
461900
461900
461900
461900
461900
461900
461900
461900
461900
461900
461900
461900
461900
461900
461900
462200
462200
462200
462200
462200
462200
462200
462200
462200
462200
462200
462200
462200
465200
465200
465200
465200
465200
465500
465500
465500
465500
465500
465500
465800
465800
465800
465800
465800
466100
466100
466100
466100
466100
466100
466400
466400
466400
466400
466400
466400
466700
466700
466700
466700
466700
466700
466700
466700
466700
466700
466700
476700
476700
476700
476700
476700
476700
476700
476700
476700
477000
477000
477300
477300
477300
477300
477300
477300
477300
477600
477600
477900
477900
477900
477900
477900
477900
477900
477900
477900
477900
477900
477900
477900
477900
477900
478200
478200
478200
478200
478200
478500
478500
478500
478500
478500
478800
478800
478800
478800
478800
478800
478800
478800
478800
478800
478800
478800
479100
479100
479100
479100
479100
479100
479100
479100
479100
479100
479100
479100
479100
479100
479400
479400
479700
479700
479700
479700
479700
479700
479700
480000
480000
480000
480000
480000
480000
480000
480000
480000
480000
480000
480000
480000
480000
480000
480000
480000
480300
480300
480300
480300
480300
480300
480300
480300
480300
480300
480300
480300
480300
480300
480300
480600
480600
480600
480600
480600
480600
480600
480600
480600
480600
480600
480600
480600
480600
480600
480600
480600
480900
480900
480900
480900
481200
481200
484200
484200
484200
484200
484200
484200
484200
484500
484500
484500
484500
484500
484500
487500
487800
487800
487800
488100
488100
488100
488100
488100
488100
488400
488400
488400
488400
488400
488400
488400
488400
488400
488400
488400
488400
488400
488400
488400
488400
488400
488700
488700
488700
488700
488700
488700
488700
488700
489000
489000
489000
489000
489000
489000
489000
489000
489000
489000
489000
489000
489000
489000
489000
489000
489000
489000
489000
489000
489000
489000
489000
489000
489000
489000
489000
489000
489000
489000
489300
489300
489300
489300
489300
489300
489300
489300
489300
489300
489300
489300
489300
489300
489300
489300
489300
489300
489300
489300
489300
489300
489600
489600
489600
489600
489600
489600
489600
489600
489600
489600
489600
489600
489600
489600
489600
489600
489600
489600
489600
489600
489600
489600
489600
489600
489600
489600
489600
489600
489600
489600
489600
489600
489600
489600
489600
489900
489900
489900
489900
489900
490200
490500
490500
490500
490500
490500
490500
490800
490800
490800
490800
490800
491100
491100
491100
491100
491100
491100
491100
491100
491100
491100
491100
491100
491100
491100
491400
491400
491400
491400
491400
491400
491400
491400
491400
491400
491400
491400
491400
491400
491400
491400
491700
491700
491700
491700
491700
491700
491700
492000
492000
492000
492000
492000
492000
492000
492000
492000
492300
492600
492900
492900
492900
492900
492900
492900
492900
492900
492900
492900
492900
492900
492900
492900
492900
492900
492900
492900
492900
492900
492900
492900
492900
493200
493200
493200
493200
493200
493200
493500
493800
494100
494100
504100
504400
504400
507400
507400
507400
507700
507700
507700
507700
507700
507700
507700
507700
510700
510700
510700
510700
511000
511000
511000
511000
511000
511000
511000
511000
511000
511300
511300
511300
511300
511300
511300
511300
511300
511300
511300
511300
511600
511600
511600
511600
511600
511600
511600
511600
511600
511600
511600
511600
511900
511900
511900
512200
512200
512200
512200
512500
512500
512500
512500
512500
512500
512500
512500
512500
512500
512500
512500
512500
512500
512500
512500
512500
512500
512500
512500
512500
512500
512500
512500
512500
512500
512500
512500
512500
512500
512500
512500
512500
512500
512500
512800
512800
512800
512800
512800
512800
512800
512800
512800
512800
512800
512800
512800
512800
512800
512800
513100
513100
513100
513100
513100
513100
513100
513100
513100
513100
513400
513400
513400
513400
513400
513400
513400
513400
513400
513400
513400
513400
513400
513400
513700
514000
514000
514000
514300
514300
514300
514300
514300
514600
514600
514600
514900
514900
514900
514900
514900
514900
514900
514900
515200
515200
515200
515200
515200
515200
515200
515500
515500
515500
515500
515500
515500
515500
515500
515500
515500
515500
515500
515500
515500
515500
515500
518500
518500
518500
518500
518500
518500
518500
518500
518500
518500
518500
518500
518500
518500
518500
518500
518500
518500
518500
518500
518500
518500
518500
518500
518500
518500
518500
518800
518800
518800
518800
518800
519100
519100
519400
519400
519400
519400
519400
519400
519400
519400
519400
519400
519400
519400
519400
519400
519400
519400
519400
519400
519400
519400
519400
519400
519400
519400
519400
519400
519400
519400
519400
519400
519400
519400
519400
519400
519700
519700
519700
519700
519700
520000
520000
520000
520000
520000
520300
520300
520300
520300
520300
520300
520300
520300
520300
520300
520300
520300
520300
520300
520300
520300
520300
520300
520300
520600
520600
520600
520600
520600
520600
520600
520600
520600
520600
520600
520600
520600
520900
520900
520900
521200
521500
521500
521500
521500
521500
521500
521500
521500
521800
521800
521800
521800
521800
521800
521800
521800
522100
522100
522100
522100
522100
522100
522100
522100
522100
522400
522400
522400
522400
522400
522400
522400
522400
522400
522400
522400
522400
522400
522400
522400
522400
522400
522400
522400
522400
522400
522400
522400
522700
522700
522700
522700
522700
522700
522700
522700
522700
522700
522700
522700
522700
522700
522700
522700
522700
522700
522700
522700
522700
522700
522700
522700
522700
523000
523000
523000
523000
523000
523000
523000
523000
523000
523000
523000
523000
523000
523000
523000
523000
523000
523000
523000
523000
523000
523000
523000
523300
523300
523300
523600
523600
523600
523600
523600
523900
523900
523900
523900
523900
524200
524200
524200
524200
524200
524200
524200
524200
524200
524200
524200
524200
524200
524200
524200
524200
524200
524200
524200
524200
524200
524200
524200
527200
527200
527200
527200
527500
527500
527500
527500
527500
527500
527500
527500
527500
527500
527500
527800
527800
527800
528100
528100
528100
528100
528100
528100
528100
528100
528100
528100
528100
528100
528100
528100
528100
528100
528400
528400
528400
528700
528700
528700
528700
528700
528700
528700
528700
528700
528700
528700
528700
529000
529000
529300
529300
529300
529300
529300
529300
529300
529300
529600
529600
529600
529600
529600
529600
529600
529600
529600
529600
529600
529600
529900
530200
530200
530200
530200
530500
530800
530800
530800
530800
530800
530800
530800
530800
530800
530800
530800
530800
531100
531100
531400
531400
531400
531400
531400
531400
531400
531400
531400
531400
531400
531400
531400
531400
531400
531400
531400
531400
531400
531400
531400
531700
532000
532000
532000
532000
532000
532000
532000
532000
532000
532000
532000
532000
532000
532000
532300
532300
532300
532300
532300
532600
532600
532600
532600
532900
532900
532900
532900
532900
532900
532900
532900
532900
533200
533200
533200
533200
533200
533200
533200
533200
533200
536200
536200
536200
536200
536200
536200
536200
536200
536200
536200
536200
536200
536200
536200
536200
536200
536500
536800
536800
536800
536800
536800
536800
536800
536800
536800
536800
536800
536800
536800
537100
537100
537100
537100
537400
537400
537400
537400
537400
537400
537400
537400
537400
537700
537700
537700
538000
538000
538000
538000
538000
538000
538000
538000
538000
538000
538000
538000
538000
538000
538000
538000
538000
538000
538000
538000
538300
538300
538300
538300
538300
538300
538300
538300
538300
538300
538300
538300
538600
538600
538600
538600
538600
538600
538600
538600
538600
538600
538600
538600
538600
538600
538600
538600
538600
538600
538600
538600
538600
538600
538600
538600
538600
538600
538600
538600
538600
538600
538600
538900
539200
539200
539200
539200
539200
539200
539200
539200
539200
539200
539200
539200
539500
539500
539500
539500
539500
539500
539500
539500
539500
539500
539500
539800
539800
539800
539800
540100
540100
540100
540100
540100
540100
540100
540100
540400
540400
540400
540400
540400
540400
540400
540400
540400
540400
540400
540700
541000
541000
541300
541300
541300
544300
544300
544300
544300
544300
544300
544300
544300
544300
544600
544600
544600
544600
544600
544900
544900
545200
545500
545500
545800
545800
545800
545800
545800
545800
546100
546100
546100
546100
546100
546100
546100
546100
546100
546100
546100
546400
546400
546400
546700
546700
546700
547000
547000
547000
547000
547000
547000
547000
547000
547000
547300
547600
547900
547900
547900
547900
547900
547900
547900
547900
547900
550900
550900
550900
551200
551200
551200
551200
551500
551500
551500
551500
551500
551500
551500
551500
551500
551500
551500
551500
551500
551500
551500
551500
551500
551500
551500
551500
551500
551500
551500
551500
551500
551500
551500
551500
551500
551500
551800
551800
551800
552100
552100
552400
552400
552700
552700
552700
552700
552700
552700
552700
552700
552700
552700
552700
552700
552700
552700
552700
553000
553000
553000
553000
553000
553000
553000
553000
553000
553000
553000
553000
553000
553000
553300
553300
553300
553300
553300
553300
553300
553300
553300
553300
553600
553600
553600
553600
553600
553600
553600
553600
553600
553900
553900
553900
553900
553900
553900
553900
553900
553900
553900
553900
553900
553900
553900
553900
553900
553900
553900
553900
553900
553900
553900
553900
553900
553900
553900
553900
553900
553900
556900
556900
556900
556900
556900
556900
556900
556900
556900
557200
557200
557200
557200
557200
557500
557500
557500
557500
557500
557500
557500
557500
557500
557500
557500
557500
557500
557500
557500
557800
557800
557800
557800
557800
557800
557800
557800
557800
557800
558100
558100
558100
558100
558100
558100
558100
558400
558400
558700
558700
558700
558700
558700
559000
559000
559000
559000
559000
559000
562000
562000
562000
562000
562300
562300
562300
562300
562300
562600
562600
562600
562600
562600
562600
562600
562600
562600
562600
562900
562900
563200
563200
563200
563200
563200
563200
563200
563200
563200
663200
663200
663200
663200
663200
663500
663500
663500
663500
663500
663800
663800
663800
663800
663800
663800
663800
663800
663800
663800
663800
663800
663800
663800
663800
663800
663800
663800
663800
663800
663800
663800
663800
663800
663800
663800
663800
663800
663800
664100
664100
664100
664100
664100
664100
664100
664100
664100
664100
664100
664100
664100
664100
664100
664100
664400
664400
664700
664700
664700
664700
664700
664700
664700
664700
664700
664700
664700
664700
664700
664700
664700
665000
665000
665000
665000
665000
665000
665000
665000
665000
665000
665000
665000
665000
665000
665000
665000
665000
665000
665000
665000
665000
665000
665000
665000
665000
665000
665000
665000
665000
665000
665000
665000
665000
665000
665000
665000
665000
665000
665000
665000
665300
665300
665300
665300
665300
665300
665600
665900
665900
665900
665900
665900
665900
665900
665900
665900
665900
666200
666200
666500
666500
666500
666500
666500
666500
666500
666800
666800
666800
666800
666800
666800
666800
666800
666800
666800
666800
666800
666800
666800
666800
666800
666800
666800
666800
666800
667100
667100
667100
667100
667100
667100
667100
667100
667100
667100
667100
667100
667100
667100
667100
667100
667100
667100
667100
667100
667100
667100
667100
667100
667100
667100
667100
667100
667100
667400
667700
667700
667700
667700
668000
668000
668000
668000
668000
668000
668000
668000
668000
668300
668300
668300
668300
668300
668300
668300
668300
668300
668300
668300
668300
671300
671300
671300
671300
671600
671600
671600
671600
671600
671600
671600
671900
671900
671900
671900
671900
671900
671900
671900
671900
672200
672200
672200
672200
672200
672200
672200
672200
672200
672200
672200
672200
672200
672200
672200
672200
672200
672200
672200
672200
672200
672200
672200
672200
672200
672500
672500
672500
672500
672500
672500
672500
672500
672500
672500
672500
672500
672500
672500
672500
672500
672500
672500
672500
672500
672500
672500
672500
672500
672500
672500
672500
672500
672500
672500
672800
672800
672800
673100
673100
673400
673400
673400
673400
673400
673400
673400
673400
673400
673400
673700
673700
674000
674000
674000
674300
674300
674300
674300
674300
674300
674300
674300
674300
674300
674300
674300
674300
674300
674300
674300
674300
674300
674300
674300
674600
674600
674600
674600
674600
674900
674900
674900
674900
674900
674900
674900
675200
675200
675200
675200
675200
675200
675500
675500
675500
675500
675500
675500
675500
675500
675500
675500
675500
675500
675500
675500
675500
675500
675500
675500
675500
675500
675500
675500
675500
675500
675800
675800
675800
675800
676100
676100
676100
676100
676100
676100
676100
676100
676100
676400
676400
676400
676400
676400
676400
676400
676400
676400
679400
679400
679400
679400
679400
679400
679400
679400
679400
679400
679400
679400
679400
679700
679700
679700
679700
679700
679700
679700
679700
680000
680000
680000
680000
680000
680000
680000
680300
680300
680300
680300
680300
680300
680300
680300
680300
680300
680300
680600
680600
680600
680600
680600
680600
680600
680600
680600
680900
680900
680900
680900
680900
681200
681200
684200
684200
684200
684200
684200
684200
684200
684200
684200
684200
684200
684200
684200
684200
684200
684500
684500
684500
684500
684500
684500
684500
684500
684500
684500
684500
684500
684500
684500
684500
684800
684800
685100
685100
685100
685100
685100
685100
685100
685100
685100
685100
685100
685100
685100
685100
685100
685400
685400
685400
685400
685400
685400
685400
685400
685400
685400
685400
685400
685400
685400
685400
685400
685400
685400
685700
686000
686300
686300
686300
686600
686600
686600
686600
686600
686600
686900
686900
686900
686900
686900
686900
686900
686900
686900
686900
687200
687200
687200
687200
687200
687200
687200
687200
687200
687200
687200
687200
687200
687200
687200
687200
687200
687200
687200
687200
687200
687200
687200
687200
687200
687500
687500
687500
687500
687500
687800
687800
687800
688100
688100
688100
688100
688100
688100
688400
688400
688400
688400
688700
688700
688700
688700
688700
688700
688700
688700
688700
688700
688700
688700
688700
688700
689000
689000
689000
689000
689000
689000
689000
689000
689000
689000
689000
689000
689000
689000
689000
689000
689000
689000
689300
689300
689300
689300
689300
689300
689300
689300
689300
689300
689300
689300
689300
689300
689300
689300
689300
689300
689300
689300
689300
689300
689300
689300
689300
689300
689300
689300
689300
689600
689600
689600
689600
689600
689600
689600
689600
689600
689600
689600
689600
689600
689600
689600
689600
689600
689600
689600
689600
689600
689600
689600
689600
689600
689600
689900
689900
689900
689900
689900
690200
690500
690800
690800
690800
690800
690800
690800
690800
690800
690800
690800
690800
691100
691100
691100
691400
691700
691700
691700
691700
692000
692000
692000
692000
692300
692300
692300
692300
692600
692600
692600
692600
692600
692600
692600
692600
692600
692600
692600
692600
692600
692600
692600
692600
692600
692600
692600
692600
692600
692600
692600
692600
692600
692600
692600
692600
692900
692900
692900
692900
692900
692900
692900
692900
692900
692900
692900
692900
692900
693200
693200
693500
693500
693500
693500
693500
693500
693500
693500
693500
693500
693500
693500
693500
693500
693800
693800
693800
693800
693800
693800
693800
693800
693800
693800
693800
693800
693800
693800
693800
693800
693800
693800
694100
694100
694100
694100
694400
694400
694400
694400
694400
694400
694400
694400
694400
694400
694400
694400
694400
694400
694400
694700
694700
694700
694700
694700
694700
695000
695000
695000
695000
695000
695000
695000
695000
695000
695000
695000
695000
695000
695000
695000
695000
695300
695300
695300
695300
695300
695300
695300
695300
695300
695300
695300
695300
695300
695300
695300
695600
695600
695600
695600
695600
695600
695900
695900
695900
695900
695900
695900
695900
696200
696500
696500
696500
696500
696800
696800
696800
696800
696800
696800
696800
696800
697100
697100
697100
697100
697100
697100
697100
697100
697100
697100
697100
697100
697100
697100
697400
697400
697400
697400
697400
697400
697700
697700
697700
697700
697700
697700
697700
697700
697700
697700
697700
697700
697700
697700
697700
698000
698300
698300
698300
698300
698300
698300
698300
698300
698300
698300
698300
698300
698600
698600
698600
698600
698600
698600
698900
698900
698900
698900
698900
699200
699200
699200
699500
699500
699500
699500
699800
699800
699800
699800
700100
700100
700100
700100
700100
700100
700100
700100
700100
700100
700100
700100
700100
700100
700100
700100
700100
700100
700100
700100
700100
700100
700100
700100
700100
700100
700100
700100
700400
700400
700700
700700
701000
701000
701000
701300
701300
701300
701300
701300
701300
701300
701300
701300
701300
701600
701600
701600
701600
701600
701600
701600
701600
701600
701600
701600
701600
701600
701600
701600
701600
704600
704600
704600
704600
704600
704600
704600
704600
704600
704600
704600
704600
704600
704600
704600
704600
704600
704600
704600
704600
704600
704600
704600
704600
704600
704600
704600
704900
704900
704900
704900
704900
704900
704900
704900
704900
704900
704900
704900
704900
704900
704900
704900
704900
704900
704900
704900
704900
704900
704900
705200
705200
705500
705800
705800
705800
705800
705800
705800
705800
706100
706400
706400
706400
706700
706700
706700
706700
707000
707000
707000
707000
707000
707000
707000
707000
707000
707000
707000
707000
707300
707300
707300
707300
707300
707300
707300
707300
707300
707300
707300
707300
707300
707300
707300
707300
707300
710300
710300
710300
710300
710300
710600
710600
710600
710600
710900
710900
710900
710900
711200
711200
711200
711500
711500
711500
711500
711500
711500
711500
711500
711500
711500
711500
711500
711800
711800
711800
711800
711800
711800
711800
711800
711800
711800
711800
711800
711800
711800
711800
711800
711800
711800
711800
711800
711800
711800
711800
711800
711800
711800
711800
711800
711800
712100
712100
712100
712100
712100
712100
712400
712400
712400
712400
712400
712700
712700
712700
712700
712700
712700
712700
713000
713000
713000
713300
713300
713300
713300
713300
713300
713300
713300
713300
713600
713600
713600
713600
713600
713600
713600
713900
713900
713900
716900
716900
716900
716900
716900
717200
717200
717200
717200
717200
717200
717200
717500
717500
717500
717800
717800
717800
717800
717800
717800
717800
717800
717800
717800
717800
717800
717800
717800
717800
717800
717800
717800
717800
717800
717800
717800
717800
717800
717800
717800
717800
717800
717800
717800
717800
717800
717800
717800
717800
717800
717800
717800
717800
717800
717800
717800
717800
717800
717800
717800
718100
718100
718100
718100
718100
718100
718100
718100
718100
718400
718400
718400
718700
718700
718700
718700
718700
718700
718700
718700
718700
718700
719000
719000
719000
719000
719000
719000
719000
719000
719000
719000
719000
719000
719000
719000
719000
719000
719300
719300
719300
719300
719300
719300
719300
719600
719600
719900
719900
719900
719900
719900
719900
719900
719900
719900
719900
719900
719900
719900
719900
719900
719900
