-300
2400
2100
2100
1800
1500
1500
1200
900
900
600
600
300
0
-300
-600
-900
-900
-1200
-1500
-1800
-2100
-2400
-2700
-3000
-3300
-3600
-3600
-3900
-4200
-4500
-4800
-5100
-5400
-5700
-5700
-5700
-6000
-6300
-6600
-6900
-7200
-7500
-7800
-8100
-8400
-8700
-9000
-9300
-9600
-9900
-9900
-10200
-10500
-10800
-11100
-11400
-11700
-12000
-12000
-12300
-12600
-12900
-13200
-13500
-13800
-14100
-14400
-14700
-15000
-15300
-15600
-15900
-16200
-16500
-16800
-17100
-17400
-17700
-18000
-18300
-18300
-18600
-18900
-19200
-19500
-19500
-19800
-20100
-20400
-20700
-21000
-21300
-21300
-21300
-21600
-21900
-22200
-22500
-22500
-22800
-23100
-23400
-23700
-23700
-23700
-24000
-24300
-24600
-24600
-24900
-25200
-25500
-25800
-26100
-26400
-26700
-26700
-27000
-27300
-27600
-27900
-28200
-28500
-28800
-29100
-29400
-29700
-30000
-30300
-30600
-30900
-31200
-31500
-31800
-32100
-32400
-32700
-33000
-33000
-33300
-33600
-33900
-34200
-34500
-34800
-35100
-35400
-35700
-36000
-36300
-36600
-36900
-37200
-37500
-37800
-38100
-38400
-38700
-39000
-39300
-39600
-39900
-40200
-40500
-40800
-40800
-41100
-41400
-41700
-42000
-42300
-42600
-42900
-43200
-43500
-43800
-44100
-44400
-44700
-45000
-45300
-45600
-45900
-46200
-46500
-46800
-47100
-47400
-47700
-48000
-48300
-48600
-48900
-49200
-49500
-49800
-50100
-50400
-50700
-51000
-51300
-51600
-51900
-52200
-52200
-52500
-52800
-53100
-53400
-53700
-54000
-54300
-54600
-54900
-55200
-55500
-55800
-56100
-56400
-56700
-57000
-57300
-57600
-57900
-58200
-58500
-58500
-58800
-59100
-59400
-59700
-60000
-60300
-60600
-60900
-61200
-61500
-61800
-62100
-62400
-62400
-62700
-63000
-63300
-63600
-63900
-64200
-64500
-64800
-65100
-65400
-65700
-66000
-66300
-66600
-66900
-67200
-67500
-67800
-68100
-68400
-65700
-66000
-66000
-66300
-66600
-66900
-67200
-67500
-67800
-68100
-68400
-68700
-69000
-69300
-69600
-69900
-70200
-70500
-70800
-71100
-71400
-71700
-72000
-72300
-69600
-69900
-70200
-70500
-70800
-71100
-71400
-71400
-71700
-72000
-72000
-72000
-72300
-72600
-72900
-73200
-73500
-73800
-74100
-74400
-74700
-75000
-75300
-75300
-75600
-75900
-75900
-76200
-76500
-76800
-76800
-77100
-77400
-77700
-78000
-78300
-78600
-78900
-79200
-79500
-79800
-80100
-80400
-80400
-80700
-81000
-81300
-81600
-81900
-82200
-82200
-82500
-82800
-83100
-83400
-83400
-83700
-84000
-84300
-84600
-84900
-85200
-85500
-85500
-85800
-86100
-86400
-86700
-87000
-87300
-87600
-87900
-88200
-88500
-88500
-88800
-89100
-89400
-89700
-90000
-90300
-90600
-90900
-91200
-91200
-91500
-91800
-92100
-92400
-92400
-92700
-93000
-93300
-93600
-93900
-94200
-94500
-94800
-95100
-95400
-95700
-96000
-96300
-96600
-96900
-97200
-97500
-97800
-98100
-98400
-98700
-99000
-99300
-99600
-99900
-100200
-100500
-100800
-101100
-101400
-101400
-101700
-101700
-102000
-102300
-102600
-102900
-102900
-103200
-103200
-103500
-103800
-104100
-104100
-104400
-104700
-105000
-105300
-105600
-105900
-106200
-106500
-106800
-107100
-107400
-107700
-108000
-108300
-108600
-108900
-109200
-109200
-109500
-109500
-109800
-110100
-110400
-110700
-111000
-111300
-111600
-111900
-112200
-112500
-112800
-113100
-113400
-113700
-114000
-114300
-114600
-114900
-115200
-115500
-115800
-116100
-116100
-116400
-116700
-117000
-117300
-117600
-117900
-118200
-118500
-118800
-119100
-119400
-119700
-120000
-120300
-120600
-120900
-121200
-121200
-121500
-121800
-122100
-122400
-122700
-123000
-123300
-123600
-123900
-124200
-124500
-124800
-125100
-125400
-125700
-126000
-126300
-126600
-126900
-126900
-127200
-127500
-127800
-128100
-128400
-128700
-129000
-129300
-129600
-129900
-130200
-130500
-130800
-131100
-131400
-131700
-132000
-132300
-132600
-132900
-133200
-133500
-133800
-134100
-134400
-134700
-135000
-135300
-135600
-135900
-136200
-136500
-136800
-137100
-137400
-137700
-138000
-138300
-138600
-138900
-139200
-139500
-139800
-140100
-140400
-140400
-140700
-141000
-141300
-141600
-141900
-142200
-142500
-142800
-143100
-143100
-143400
-143700
-144000
-144300
-144600
-144900
-145200
-145500
-145500
-145800
-146100
-146400
-146700
-147000
-147300
-147300
-147600
-147900
-148200
-148500
-148800
-149100
-149400
-149700
-150000
-150300
-150300
-150600
-150600
-150900
-151200
-151500
-151800
-152100
-152400
-152700
-153000
-153300
-153600
-153900
-154200
-154500
-154800
-155100
-155400
-155700
-156000
-156300
-156600
-156900
-157200
-157500
-157800
-158100
-158400
-158700
-159000
-159300
-159600
-159900
-160200
-160500
-160800
-161100
-161400
-161700
-162000
-162300
-162600
-162900
-162900
-163200
-163500
-160800
-161100
-161400
-161700
-162000
-162300
-162600
-162900
-163200
-163500
-163800
-164100
-164400
-164700
-165000
-165300
-165600
-165900
-166200
-166500
-166800
-166800
-167100
-164400
-164700
-164700
-165000
-165300
-165600
-165900
-166200
-166200
-166500
-166500
-166800
-167100
-167400
-167700
-168000
-168300
-168600
-168900
-169200
-169500
-169800
-170100
-170400
-170700
-171000
-171300
-171600
-171900
-172200
-172500
-172800
-173100
-173400
-173400
-173700
-174000
-174300
-174300
-174600
-174900
-175200
-175500
-175800
-176100
-176400
-176700
-176700
-177000
-177300
-177600
-177900
-178200
-178500
-178800
-179100
-179400
-179700
-180000
-180300
-180600
-180900
-181200
-181200
-181500
-181800
-181800
-182100
-182400
-182700
-183000
-183300
-183600
-183900
-183900
-184200
-184500
-184800
-185100
-185100
-185400
-185700
-186000
-186300
-186600
-186900
-187200
-187500
-187800
-188100
-188400
-188700
-189000
-189300
-189600
-189900
-190200
-190500
-190800
-191100
-191400
-191700
-192000
-192300
-192300
-192600
-192900
-193200
-193500
-193800
-194100
-194100
-194100
-194400
-194700
-195000
-195300
-195300
-195600
-195900
-196200
-196500
-196800
-197100
-197400
-197700
-197700
-198000
-198300
-198600
-198900
-199200
-199500
-199500
-199800
-200100
-200400
-200700
-201000
-201300
-201600
-201900
-202200
-202500
-202800
-203100
-203400
-203700
-204000
-204300
-204600
-204900
-205200
-205500
-205800
-206100
-206400
-206700
-207000
-207000
-207300
-207600
-207900
-207900
-208200
-208500
-208800
-209100
-209400
-209700
-210000
-210300
-210600
-210600
-210900
-211200
-211500
-211800
-212100
-212400
-212700
-212700
-213000
-213300
-213600
-213900
-214200
-214500
-214800
-215100
-215400
-215700
-216000
-216300
-216600
-216900
-217200
-217500
-217800
-218100
-218400
-218700
-219000
-219300
-219600
-219900
-220200
-220200
-220200
-220500
-220800
-221100
-221400
-221700
-222000
-222300
-222600
-222900
-220200
-220500
-217800
-218100
-218400
-218700
-219000
-216300
-216600
-216900
-217200
-217500
-217800
-218100
-218100
-218400
-218700
-219000
-219300
-219600
-219900
-220200
-220500
-220800
-221100
-221400
-221700
-222000
-222300
-222600
-222600
-222900
-223200
-223500
-223800
-224100
-224400
-224400
-224700
-225000
-225300
-225600
-225900
-226200
-226200
-226500
-226800
-227100
-227400
-227700
-228000
-228300
-228600
-228900
-229200
-229500
-229800
-230100
-230400
-230400
-230700
-231000
-231300
-231600
-231900
-232200
-232200
-232500
-232800
-232800
-233100
-233400
-233700
-234000
-234300
-234300
-234600
-234900
-235200
-235500
-235800
-235800
-236100
-236400
-236700
-237000
-237300
-237600
-237900
-237900
-238200
-238500
-238500
-238800
-239100
-239400
-239400
-239700
-240000
-240300
-240600
-240900
-241200
-241500
-241800
-242100
-242100
-242400
-242700
-243000
-243000
-243300
-243600
-243900
-244200
-244200
-244500
-244500
-244800
-245100
-245400
-245700
-245700
-246000
-246300
-246600
-246900
-247200
-247500
-247800
-247800
-248100
-248400
-248700
-249000
-249300
-249600
-249900
-250200
-250500
-250800
-251100
-251400
-251700
-252000
-252000
-252300
-252600
-252900
-253200
-253500
-253800
-254100
-254400
-254700
-252000
-252300
-252600
-252900
-253200
-253500
-253800
-254100
-254400
-254700
-255000
-255300
-255600
-255900
-255900
-256200
-256200
-256500
-256800
-257100
-257400
-257700
-258000
-258300
-258600
-258900
-258900
-259200
-256500
-256800
-257100
-257400
-257700
-258000
-258300
-258300
-258600
-258900
-259200
-259500
-259800
-260100
-260400
-260700
-260700
-261000
-261300
-261600
-261900
-262200
-262500
-262800
-263100
-263400
-263700
-264000
-264300
-264600
-264900
-265200
-265500
-265800
-265800
-266100
-266400
-266400
-266700
-267000
-267300
-267600
-267900
-268200
-268500
-268800
-269100
-269400
-269700
-270000
-270300
-270600
-270900
-270900
-271200
-271500
-271800
-271800
-272100
-272400
-272700
-273000
-273300
-273600
-273900
-274200
-274500
-274800
-275100
-275400
-275700
-276000
-276300
-276600
-276900
-277200
-277500
-277800
-278100
-278400
-278700
-278700
-279000
-279300
-279600
-269900
-270200
-270500
-270800
-271100
-271100
-271400
-271700
-272000
-272300
-272600
-272900
-273200
-273500
-273800
-274100
-274400
-274700
-274700
-275000
-275300
-275600
-275900
-276200
-276500
-276800
-277100
-277400
-277700
-278000
-278300
-278600
-278900
-279200
-279500
-279800
-280100
-280400
-280700
-281000
-281300
-281600
-281600
-281600
-281900
-282200
-282500
-282800
-283100
-283400
-283700
-284000
-284300
-284600
-284600
-284600
-284900
-285200
-285500
-285800
-286100
-286400
-286700
-287000
-287300
-287600
-287900
-287900
-287900
-288200
-288500
-288800
-289100
-289400
-289700
-289700
-290000
-290300
-290300
-290600
-290900
-290900
-291200
-291500
-291800
-292100
-292400
-292400
-292700
-293000
-293300
-293600
-293600
-293900
-294200
-294500
-294800
-295100
-295400
-295700
-296000
-296300
-296600
-296900
-297200
-297500
-297800
-298100
-298400
-298700
-299000
-299300
-299600
-299900
-300200
-300500
-300800
-301100
-301400
-301400
-301700
-302000
-302300
-302300
-302600
-302900
-303200
-303500
-303800
-304100
-304400
-304700
-305000
-305300
-305600
-305900
-306200
-306500
-306800
-307100
-307400
-307400
-307700
-308000
-308300
-308600
-308600
-308900
-309200
-309500
-309800
-310100
-310400
-310700
-311000
-311300
-311600
-311900
-312200
-312200
-312500
-312800
-313100
-313400
-313700
-314000
-314300
-314600
-314900
-315200
-315500
-315800
-316100
-316100
-316400
-316700
-317000
-317300
-317600
-317900
-317900
-318200
-318500
-318800
-319100
-319400
-319700
-319700
-320000
-320300
-320600
-320900
-321200
-321500
-321500
-321800
-322100
-322400
-322700
-323000
-323000
-323300
-323600
-323900
-324200
-324500
-324800
-325100
-325400
-325700
-326000
-326300
-326600
-326900
-327200
-327500
-327800
-327800
-328100
-328100
-328100
-328400
-328700
-329000
-329300
-329600
-329900
-330200
-330500
-330500
-327800
-327800
-328100
-328400
-328700
-329000
-329300
-329600
-329900
-330200
-330500
-330800
-331100
-331400
-331700
-332000
-332300
-332600
-332900
-333200
-333500
-333800
-333800
-334100
-334400
-334700
-335000
-335300
-335600
-335900
-335900
-336200
-336500
-336800
-336800
-337100
-337100
-337400
-337700
-337700
-338000
-338300
-338300
-338600
-338900
-339200
-339500
-339800
-340100
-340400
-340400
-340700
-341000
-341300
-341600
-341900
-342200
-342200
-342500
-342800
-343100
-343100
-343400
-343700
-344000
-344300
-344600
-344900
-345200
-345500
-345800
-346100
-346400
-346700
-347000
-347300
-347600
-347900
-348200
-348500
-348800
-349100
-349400
-349700
-350000
-350300
-350600
-350900
-348200
-348500
-348800
-349100
-349100
-346400
-346700
-347000
-347300
-347600
-347900
-348200
-348500
-348800
-349100
-349400
-349700
-350000
-350300
-350600
-350900
-351200
-351200
-351500
-351800
-352100
-352400
-352400
-352700
-353000
-353300
-353600
-353600
-353900
-354200
-354500
-354800
-355100
-355400
-355700
-356000
-356300
-356600
-356900
-357200
-357500
-357800
-358100
-358400
-358700
-359000
-359300
-359600
-359900
-360200
-360500
-360800
-361100
-361400
-361700
-362000
-362300
-362600
-362900
-363200
-363500
-363800
-364100
-364400
-364700
-365000
-365300
-365600
-365900
-365900
-366200
-366500
-366500
-366800
-367100
-367400
-367700
-368000
-368300
-368600
-368900
-369200
-369500
-369800
-370100
-370400
-370700
-371000
-371300
-371600
-371900
-371900
-372200
-372500
-372500
-372800
-373100
-373400
-373700
-374000
-374300
-374600
-374900
-375200
-375500
-375800
-376100
-376400
-376700
-377000
-377300
-377600
-377900
-378200
-378500
-378800
-379100
-379400
-379700
-380000
-380300
-380300
-380600
-380900
-381200
-381500
-381800
-382100
-382400
-382700
-383000
-383300
-383600
-383900
-383900
-384200
-384500
-384800
-385100
-385400
-385700
-386000
-386300
-386600
-386900
-386900
-387200
-387500
-387800
-388100
-388400
-388700
-389000
-389300
-389600
-389900
-390200
-390500
-390800
-391100
-391400
-391700
-392000
-392300
-392600
-392900
-393200
-393500
-393800
-394100
-394400
-394700
-395000
-395300
-395600
-395900
-396200
-396500
-396500
-396800
-397100
-397400
-397700
-398000
-398300
-398600
-398900
-399200
-399500
-399800
-400100
-400400
-400400
-400700
-401000
-401300
-401600
-401900
-402200
-402500
-402800
-403100
-403400
-403700
-404000
-404300
-404600
-404900
-405200
-405200
-405500
-405800
-406100
-406100
-406400
-406700
-407000
-407000
-407300
-407600
-407900
-408200
-408500
-408800
-409100
-409400
-409700
-410000
-410300
-410300
-410600
-410900
-411200
-411200
-411500
-411800
-412100
-412400
-412700
-413000
-413300
-413600
-413600
-413600
-413900
-414200
-414500
-414800
-415100
-415400
-415700
-416000
-416300
-416600
-416900
-417200
-417500
-417800
-418100
-418400
-418400
-418700
-419000
-419000
-419300
-419600
-419600
-419900
-420200
-420500
-420800
-421100
-421400
-421700
-422000
-422300
-422600
-422900
-423200
-423500
-423800
-424100
-424400
-424700
-425000
-425300
-425600
-425900
-426200
-426500
-426800
-427100
-427100
-427400
-427700
-428000
-428300
-428600
-428900
-429200
-429500
-429800
-430100
-430400
-430700
-431000
-431300
-431600
-431900
-431900
-432200
-432500
-432800
-433100
-433400
-433700
-434000
-434300
-434600
-434600
-434600
-434900
-435200
-435500
-435800
-436100
-436400
-436700
-437000
-437300
-437300
-437600
-437600
-437900
-438200
-438500
-438800
-438800
-439100
-439400
-439700
-440000
-440300
-440600
-440900
-441200
-441500
-441800
-442100
-442400
-442700
-443000
-443300
-443600
-443900
-444200
-444500
-444800
-445100
-445400
-445700
-445700
-446000
-446000
-446300
-446600
-446600
-446600
-446900
-447200
-447500
-447800
-448100
-448400
-448700
-449000
-449300
-449600
-449900
-450200
-450500
-450800
-451100
-451400
-451400
-451700
-452000
-452300
-452600
-452900
-453200
-453500
-453800
-454100
-454400
-454700
-455000
-455300
-455600
-455900
-456200
-456500
-456800
-457100
-457400
-457700
-458000
-458300
-458600
-458900
-459200
-459500
-459800
-460100
-460400
-460700
-461000
-461000
-461300
-461600
-461900
-462200
-462500
-462800
-463100
-463400
-463700
-463700
-464000
-464300
-464600
-464900
-464900
-464900
-465200
-465500
-465800
-465800
-466100
-466400
-466700
-467000
-467300
-467600
-467600
-467900
-468200
-468500
-468800
-469100
-469400
-469400
-469700
-470000
-470000
-470300
-470600
-470600
-470900
-471200
-471500
-471800
-472100
-472400
-472700
-473000
-473300
-473600
-473900
-474200
-474500
-474800
-475100
-475400
-475700
-476000
-476300
-476600
-476900
-477200
-477500
-477800
-478100
-478400
-478700
-479000
-479000
-479300
-479600
-479900
-479900
-480200
-480500
-480800
-481100
-481400
-481700
-482000
-482300
-482600
-482900
-483200
-483500
-483800
-484100
-484400
-484700
-485000
-485300
-485600
-485900
-485900
-486200
-486500
-486800
-487100
-487400
-487700
-488000
-488000
-488300
-488300
-488600
-488900
-489200
-489500
-489800
-490100
-490400
-490700
-491000
-491300
-491600
-491900
-492200
-492500
-492500
-492800
-493100
-493400
-493700
-494000
-491300
-491600
-491900
-492200
-492500
-492800
-493100
-493100
-493400
-493700
-494000
-494300
-494600
-494900
-495200
-495500
-495800
-496100
-496400
-496700
-497000
-497300
-497600
-497900
-498200
-498500
-498800
-499100
-499400
-499700
-500000
-500300
-500600
-500900
-501200
-501500
-501800
-502100
-502400
-502700
-502700
-503000
-503300
-503600
-503900
-504200
-504500
-504800
-505100
-505400
-505700
-506000
-506300
-506600
-506900
-507200
-507500
-507800
-508100
-505400
-505700
-506000
-506300
-506600
-506900
-507200
-507500
-507800
-508100
-508400
-508700
-509000
-509300
-509600
-509900
-510200
-510500
-510800
-510800
-511100
-511400
-511700
-512000
-512300
-512600
-512900
-513200
-513500
-513800
-514100
-514400
-514700
-515000
-515300
-515600
-515900
-516200
-516500
-516800
-517100
-517100
-517400
-517700
-518000
-518300
-518600
-518900
-519200
-519200
-519500
-519500
-519800
-520100
-520400
-520700
-521000
-521000
-521300
-521600
-521900
-521900
-522200
-522500
-522800
-523100
-523400
-523700
-524000
-524300
-524600
-524900
-525200
-525500
-525800
-526100
-526400
-526700
-527000
-527300
-527600
-527900
-528200
-528200
-528500
-528800
-529100
-529400
-529700
-530000
-530300
-530300
-530600
-527900
-527900
-528200
-528500
-528800
-529100
-529400
-529700
-530000
-530300
-530600
-530900
-531200
-531200
-531500
-531800
-531800
-532100
-532400
-532700
-533000
-533300
-533600
-533900
-534200
-534500
-534800
-535100
-535400
-535700
-536000
-536300
-536600
-536600
-536900
-537200
-537500
-537800
-538100
-538400
-538700
-539000
-536300
-536600
-536600
-536900
-536900
-537200
-537500
-537500
-537800
-538100
-528400
-528700
-528700
-529000
-529300
-529600
-529900
-530200
-530500
-530800
-531100
-531400
-531700
-532000
-532300
-532600
-532900
-533200
-533500
-533800
-534100
-534400
-534700
-535000
-535000
-535300
-535600
-535600
-535600
-535900
-536200
-536200
-536500
-536800
-537100
-537400
-537700
-538000
-538300
-538600
-538900
-538900
-539200
-539500
-539800
-540100
-540100
-540100
-540400
-540700
-541000
-541300
-541600
-541900
-542200
-542500
-542800
-543100
-543400
-543700
-544000
-544300
-544300
-544600
-544900
-545200
-545500
-545800
-546100
-546400
-546700
-547000
-547300
-547600
-547900
-548200
-548500
-548800
-549100
-549100
-549400
-549700
-550000
-550300
-550600
-550900
-551200
-551500
-551800
-551800
-552100
-552400
-552700
-553000
-553300
-553600
-553900
-554200
-554200
-554500
-554800
-555100
-555400
-555700
-556000
-556300
-556600
-556900
-557200
-554500
-554800
-555100
-555400
-555700
-556000
-556300
-556600
-556900
-557200
-557500
-557800
-558100
-558400
-558700
-558700
-559000
-559300
-559600
-559900
-559900
-560200
-560500
-560800
-561100
-561400
-561700
-562000
-562300
-562600
-562900
-563200
-563500
-563800
-564100
-564400
-564700
-565000
-565300
-565600
-565900
-565900
-565900
-566200
-566500
-566800
-567100
-567400
-567700
-568000
-568300
-568600
-568900
-568900
-569200
-569500
-569800
-570100
-570400
-570700
-571000
-571300
-571600
-571900
-572200
-572500
-572800
-573100
-573400
-573700
-574000
-574300
-574600
-574900
-575200
-575500
-575800
-576100
-576400
-576700
-577000
-577300
-577600
-577900
-578200
-578500
-578800
-579100
-579400
-579700
-579700
-580000
-580300
-580600
-580900
-581200
-581500
-581800
-582100
-582400
-582700
-583000
-583000
-583300
-583300
-583600
-583900
-584200
-584500
-584800
-585100
-585400
-585700
-586000
-586300
-586600
-586900
-587200
-587500
-587800
-588100
-588400
-588700
-589000
-589300
-589600
-589900
-590200
-590500
-590800
-591100
-591400
-591700
-592000
-592300
-592600
-592900
-593200
-593500
-593800
-594100
-594400
-594700
-595000
-595300
-595600
-595900
-596200
-596200
-596500
-596800
-597100
-597400
-597700
-598000
-598300
-598600
-598900
-599200
-599500
-599800
-600100
-600400
-600700
-601000
-601300
-601600
-601600
-601900
-602200
-602500
-602800
-602800
-603100
-603100
-603400
-603700
-604000
-604000
-604300
-604600
-604900
-605200
-605500
-605800
-606100
-606400
-606700
-607000
-607300
-607600
-607900
-608200
-608500
-608800
-609100
-609400
-609700
-610000
-610300
-610600
-610900
-611200
-611500
-611800
-612100
-612400
-612700
-613000
-613000
-613300
-613600
-613900
-614200
-614500
-614800
-615100
-615400
-615700
-616000
-616000
-616300
-616600
-616900
-617200
-617500
-617800
-618100
-618400
-618700
-619000
-619300
-619600
-619900
-620200
-620500
-620800
-621100
-621400
-621700
-622000
-622300
-622600
-622900
-623200
-623200
-623500
-623800
-624100
-624400
-624700
-625000
-625300
-625600
-625600
-625900
-626200
-626500
-626800
-626800
-627100
-627400
-627700
-628000
-628300
-628600
-628900
-629200
-629500
-629800
-630100
-630400
-630700
-631000
-631000
-628300
-628600
-628900
-629200
-629500
-629800
-630100
-630400
-630400
-630700
-631000
-631000
-631300
-628600
-628900
-629200
-629500
-629800
-630100
-630400
-630700
-631000
-631300
-631600
-631900
-632200
-632500
-632800
-633100
-633400
-633700
-634000
-631300
-631600
-631900
-632200
-632500
-632800
-633100
-633400
-633700
-634000
-634300
-634600
-634900
-635200
-635500
-635800
-636100
-636400
-636700
-637000
-637300
-637600
-637900
-638200
-638500
-638800
-639100
-639400
-639700
-640000
-640300
-640600
-640900
-641200
-641500
-641800
-642100
-642400
-642700
-643000
-643300
-643600
-643900
-644200
-644500
-644800
-645100
-645100
-645400
-645400
-645700
-646000
-646300
-646600
-646600
-646900
-647200
-647500
-647800
-648100
-648400
-648700
-649000
-649300
-649600
-649900
-650200
-650500
-650800
-651100
-651400
-651700
-652000
-652000
-652300
-652600
-652900
-653200
-653500
-653800
-654100
-654100
-654400
-654700
-655000
-655300
-655600
-655900
-656200
-656500
-656800
-657100
-657400
-657700
-658000
-658000
-658300
-658600
-658900
-659200
-659500
-659800
-660100
-660400
-660700
-658000
-658300
-658600
-658900
-659200
-659500
-659800
-660100
-660400
-660700
-661000
-661300
-661600
-661900
-662200
-662500
-662800
-663100
-663400
-663700
-664000
-664000
-664300
-664600
-664900
-665200
-665500
-665800
-666100
-666400
-666700
-667000
-667300
-667600
-667900
-668200
-668500
-668800
-669100
-669100
-669400
-669700
-670000
-670300
-670600
-670900
-670900
-671200
-671500
-671800
-672100
-672400
-672400
-672700
-673000
-673300
-673600
-673900
-674200
-674500
-674800
-675100
-675400
-675700
-676000
-676300
-676300
-676600
-676900
-677200
-677500
-677800
-677800
-678100
-678400
-678700
-679000
-679300
-679600
-679900
-680200
-680200
-680500
-680800
-681100
-681400
-681700
-682000
-682300
-682600
-682900
-683200
-683500
-683500
-683800
-683800
-684100
-684400
-684700
-685000
-685300
-685600
-685900
-685900
-686200
-686500
-686800
-687100
-687400
-687700
-688000
-688300
-688600
-688600
-688600
-688900
-689200
-689500
-689800
-689800
-690100
-690400
-690400
-690700
-691000
-691300
-691600
-691900
-692200
-692500
-692800
-693100
-693400
-693700
-694000
-694300
-694600
-694900
-695200
-695500
-695800
-696100
-696400
-696700
-696700
-697000
-697300
-697600
-697900
-698200
-698500
-698800
-699100
-699400
-699700
-700000
-700300
-700600
-700900
-701200
-701500
-701800
-702100
-702400
-702700
-703000
-703300
-703600
-703900
-704200
-704500
-704800
-705100
-705400
-705400
-705700
-706000
-706300
-706600
-706900
-707200
-707500
-707800
-707800
-707800
-708100
-708400
-708400
-708700
-709000
-709000
-709300
-709300
-709600
-709900
-710200
-710500
-710800
-711100
-711400
-711400
-711700
-709000
-709300
-709600
-709900
-709900
-710200
-710500
-710800
-711100
-711400
-711700
-712000
-712300
-712600
-712600
-712600
-712900
-713200
-713500
-713800
-714100
-714400
-714700
-715000
-715300
-715600
-715900
-716200
-713500
-713800
-714100
-714400
-714700
-715000
-715300
-715300
-715600
-715900
-716200
-716500
-716800
-717100
-717400
-717700
-718000
-718300
-718600
-718600
-718900
-718900
-719200
-719500
-719800
-720100
-720400
-720700
-721000
-721300
-721600
-721900
-722200
-722500
-722800
-723100
-723100
-723400
-723700
-723700
-724000
-724300
-724600
-724900
-725200
-725500
-725800
-726100
-726400
-726700
-727000
-727000
-727000
-727300
-727300
-727300
-727600
-727900
-728200
-728500
-728500
-728800
-729100
-729400
-729700
-730000
-730300
-730600
-730900
-731200
-731500
-731800
-732100
-732400
-732700
-733000
-733300
-733600
-733900
-733900
-734200
-734500
-734800
-735100
-735400
-735700
-735700
-736000
-736300
-736600
-736900
-737200
-727500
-727500
-727800
-728100
-728400
-728700
-729000
-729300
-729600
-729900
-730200
-730500
-730800
-731100
-731100
-731400
-731700
-732000
-732000
-732300
-732300
-732300
-732600
-732900
-733200
-733500
-733800
-734100
-734400
-734700
-735000
-735300
-735600
-735900
-735900
-735900
-736200
-736500
-736800
-737100
-737400
-737700
-738000
-738300
-738600
-738900
-736200
-736500
-736800
-737100
-737100
-737400
-737700
-738000
-738300
-738600
-738900
-739200
-739200
-739500
-739800
-740100
-740400
-740700
-741000
-741300
-741600
-741900
-742200
-742200
-742500
-742800
-743100
-743400
-743700
-744000
-744300
-744600
-744900
-745200
-745500
-745800
-746100
-746400
-746700
-747000
-747300
-747600
-747600
-747900
-748200
-748500
-748800
-749100
-749400
-749400
-749700
-750000
-750300
-750600
-750900
-751200
-751500
-751800
-752100
-752400
-752700
-752700
-753000
-753300
-753300
-753600
-753900
-754200
-754500
-754800
-755100
-755400
-755700
-756000
-756300
-756600
-756900
-757200
-757500
-757500
-757800
-758100
-758100
-758100
-758400
-758700
-759000
-759300
-759600
-759900
-760200
-760500
-760800
-761100
-761400
-761700
-762000
-762300
-762600
-762900
-762900
-763200
-763500
-763800
-761100
-761400
-761700
-762000
-762300
-762600
-762900
-763200
-763500
-763800
-764100
-764400
-764700
-765000
-765000
-765300
-765600
-765900
-766200
-766500
-766800
-767100
-767400
-767700
-768000
-768300
-768600
-768900
-769200
-769500
-769800
-770100
-770400
-770700
-771000
-771300
-771600
-771900
-772200
-772500
-772800
-773100
-773400
-773700
-774000
-774300
-774300
-774600
-774900
-774900
-775200
-775500
-775500
-775500
-775800
-776100
-776400
-776700
-776700
-777000
-777000
-777300
-777600
-777900
-778200
-778500
-778800
-779100
-779400
-779700
-779700
-780000
-780300
-780600
-780900
-781200
-781500
-781800
-782100
-782400
-782700
-783000
-783300
-783300
-783300
-783600
-783900
-784200
-781500
-781800
-782100
-782400
-782700
-782700
-782700
-783000
-783300
-783600
-783900
-784200
-784500
-784800
-785100
-785400
-785700
-786000
-786300
-786600
-786900
-787200
-787500
-787500
-787800
-788100
-788400
-788700
-789000
-789300
-789600
-789600
-789900
-790200
-790500
-790800
-790800
-791100
-791400
-791700
-792000
-792300
-792300
-792600
-792900
-793200
-793500
-793800
-794100
-794400
-794700
-795000
-795300
-795600
-795900
-796200
-796500
-796800
-797100
-797400
-797700
-798000
-798300
-798600
-798600
-795900
-796200
-796500
-796800
-797100
-797400
-794700
-795000
-795300
-795600
-795900
-796200
-796500
-796800
-797100
-797400
-797700
-798000
-798300
-798600
-798600
-798900
-799200
-799500
-799800
-800100
-800400
-800700
-801000
-801300
-801600
-801900
-801900
-802200
-802500
-802800
-803100
-803400
-803700
-803700
-804000
-804300
-804600
-804900
-805200
-805500
-805500
-805800
-806100
-806400
-806700
-807000
-807300
-807600
-807900
-808200
-808500
-808800
-809100
-809400
-809700
-810000
-810300
-810300
-810600
-810600
-810900
-810900
-811200
-811500
-811800
-812100
-812100
-812400
-812700
-812700
-813000
-813300
-813600
-813900
-814200
-814500
-814800
-815100
-815400
-815700
-815700
-816000
-816300
-816600
-816900
-817200
-817500
-817800
-818100
-818400
-818700
-819000
-819300
-819600
-819600
-819900
-820200
-820500
-820500
-820800
-820800
-821100
-821100
-821400
-821700
-822000
-822300
-822300
-822600
-822900
-823200
-823500
-823800
-824100
-824100
-824400
-824700
-825000
-825300
-825600
-825900
-826200
-826500
-826800
-824100
-824400
-824700
-825000
-825300
-825600
-825900
-826200
-826500
-826800
-827100
-827400
-827400
-827700
-828000
-828300
-828600
-828900
-826200
-826200
-826500
-826800
-827100
-827100
-827400
-827700
-828000
-828300
-828600
-828900
-828900
-829200
-829500
-829800
-830100
-830400
-830700
-831000
-831000
-831300
-831600
-831900
-832200
-832200
-829500
-829800
-830100
-830100
-830100
-830400
-830700
-831000
-831300
-831600
-831900
-832200
-832500
-832800
-833100
-833100
-833400
-833700
-834000
-834300
-834600
-834600
-834600
-834900
-835200
-835500
-835800
-836100
-836400
-836700
-837000
-837300
-837600
-837900
-838200
-838500
-838800
-839100
-839400
-839700
-840000
-840300
-840600
-840900
-841200
-841200
-841500
-841800
-842100
-842400
-842700
-843000
-843300
-843300
-843600
-843600
-843900
-844200
-844500
-844800
-845100
-845400
-845700
-846000
-846300
-846600
-846900
-847200
-847500
-847800
-848100
-848400
-848700
-849000
-849300
-849600
-849900
-850200
-850500
-850800
-851100
-851400
-851700
-852000
-852300
-852600
-852900
-853200
-853500
-853500
-853800
-854100
-854400
-854400
-854700
-855000
-855300
-855600
-855600
-855900
-856200
-856500
-856800
-856800
-857100
-857400
-857700
-858000
-858300
-858600
-858900
-859200
-859500
-859800
-860100
-860400
-860400
-860700
-861000
-861300
-861600
-861900
-862200
-862500
-862800
-862800
-863100
-863400
-863400
-863700
-864000
-864300
-864600
-864900
-865200
-865500
-865800
-865800
-866100
-866400
-866700
-864000
-864300
-864600
-864900
-865200
-865500
-865800
-866100
-866400
-866700
-866700
-867000
-867300
-867600
-867900
-868200
-868200
-868200
-868500
-868800
-869100
-869400
-869400
-869700
-870000
-870300
-870600
-870900
-871200
-871500
-871800
-872100
-872400
-872700
-873000
-873300
-873600
-873900
-873900
-874200
-874500
-874800
-875100
-875400
-875700
-876000
-876300
-876300
-876600
-876900
-877200
-877500
-877500
-877500
-877800
-877800
-878100
-878400
-878700
-879000
-879300
-879600
-879900
-880200
-880500
-880800
-881100
-881400
-881700
-882000
-882300
-882600
-882900
-883200
-883500
-883500
-883500
-883800
-884100
-884400
-884700
-885000
-885300
-885600
-885900
-886200
-886500
-886800
-887100
-887400
-887700
-888000
-888300
-888600
-888900
-886200
-886500
-886800
-887100
-887100
-887400
-887700
-887700
-888000
-888300
-888600
-888900
-889200
-889500
-889500
-889800
-890100
-890400
-890400
-890700
-891000
-891300
-891600
-891600
-891900
-892200
-892500
-892800
-893100
-893400
-893700
-893700
-894000
-894300
-894600
-894900
-895200
-895200
-895500
-895800
-896100
-896400
-896700
-897000
-897300
-897600
-897900
-898200
-898500
-898800
-899100
-899400
-899700
-900000
-900300
-900600
-900900
-901200
-901500
-901800
-902100
-902100
-902400
-902700
-903000
-903300
-903600
-903900
-904200
-904500
-904500
-904800
-905100
-905400
-905700
-906000
-906300
-906600
-906900
-907200
-907500
-907800
-908100
-908400
-908700
-909000
-909300
-909600
-909900
-910200
-910500
-910800
-911100
-911400
-911700
-912000
-912300
-912600
-912900
-912900
-913200
-913500
-913800
-914100
-914100
-914400
-914700
-915000
-915000
-915300
-915600
-915900
-916200
-916500
-916800
-917100
-917400
-917700
-918000
-918300
-918600
-918600
-918900
-919200
-919500
-919500
-919800
-920100
-920400
-920400
-920700
-920700
-921000
-921300
-921300
-921300
-921600
-921900
-922200
-922500
-922800
-923100
-923400
-923400
-923700
-924000
-924000
-924300
-924600
-924900
-925200
-925500
-925800
-926100
-926400
-926700
-927000
-924300
-924600
-924900
-925200
-925500
-925800
-926100
-926400
-926700
-927000
-927300
-927600
-927900
-928200
-928500
-928800
-929100
-929400
-929700
-930000
-930300
-930600
-930600
-930900
-931200
-931500
-931800
-931800
-931800
-932100
-932400
-932700
-933000
-933300
-933600
-933600
-933600
-933900
-934200
-934500
-934800
-935100
-935400
-935700
-936000
-936300
-936600
-936900
-937200
-937500
-937800
-938100
-938400
-938700
-939000
-939300
-939300
-939300
-939600
-939900
-940200
-940500
-940800
-941100
-941400
-941700
-942000
-942300
-942600
-942900
-942900
-942900
-943200
-943500
-943800
-944100
-944400
-944700
-945000
-945300
-945600
-945900
-946200
-946500
-946800
-947100
-947400
-947700
-948000
-948300
-948600
-948900
-949200
-949500
-949800
-950100
-950400
-950700
-951000
-951300
-951600
-951900
-952200
-952500
-952800
-953100
-953400
-953700
-954000
-954300
-954600
-954900
-955200
-955500
-955800
-956100
-956400
-956700
-957000
-957300
-957600
-957900
-958200
-958500
-958800
-959100
-959100
-959400
-959700
-959700
-960000
-960300
-960600
-960900
-961200
-961500
-961800
-962100
-962400
-962700
-963000
-963300
-963600
-963900
-964200
-964500
-964800
-965100
-965100
-965400
-965700
-966000
-966300
-966600
-966900
-967200
-967500
-967800
-968100
-968400
-968700
-969000
-969300
-966600
-966900
-967200
-967500
-967800
-968100
-968400
-968700
-969000
-969300
-969600
-969900
-970200
-970500
-970800
-971100
-971400
-971700
-972000
-972300
-972600
-972900
-972900
-973200
-973500
-973800
-974100
-974400
-974700
-975000
-975300
-975600
-975900
-976200
-976500
-976800
-977100
-977400
-977700
-978000
-978300
-978600
-978900
-979200
-979500
-979800
-980100
-980400
-980700
-981000
-978300
-978600
-978900
-979200
-979500
-979800
-980100
-980400
-980700
-981000
-981300
-981600
-981900
-982200
-982500
-982800
-983100
-983100
-983400
-983700
-984000
-984300
-984600
-984600
-984900
-985200
-985200
-985500
-985800
-986100
-986400
-986700
-987000
-987300
-987600
-987900
-988200
-988500
-988500
-988800
-989100
-989100
-989400
-989700
-990000
-990300
-990600
-990900
-991200
-991500
-991800
-992100
-992400
-992700
-993000
-993300
-993600
-993900
-994200
-994500
-994500
-994800
-995100
-995400
-995700
-996000
-996300
-996600
-996900
-997200
-997500
-997800
-998100
-998100
-998400
-998700
-999000
-999300
-999600
-999900
-999900
-1000200
-1000200
-1000500
-1000800
-1001100
-1001400
-1001700
-1001700
-1002000
-1002300
-1002600
-1002900
-1003200
-1003500
-1003800
-1004100
-1004400
-1004700
-1005000
-1005300
-1005600
-1005900
-1005900
-1006200
-1006500
-1006800
-1007100
-1007400
-1007700
-1008000
-1008300
-1008600
-1008900
-1009200
-1009500
-1009800
-1010100
-1010400
-1010400
-1010700
-1011000
-1011300
-1011600
-1011900
-1012200
-1012500
-1012800
-1013100
-1013400
-1013700
-1013700
-1014000
-1014000
-1014300
-1014600
-1014900
-1015200
-1015500
-1015800
-1016100
-1013400
-1013700
-1014000
-1014300
-1014600
-1014900
-1015200
-1015500
-1015800
-1016100
-1016400
-1016700
-1017000
-1017000
-1017300
-1014600
-1014900
-1015200
-1015500
-1015800
-1016100
-1016400
-1016400
-1016700
-1017000
-1017300
-1017600
-1017900
-1018200
-1018500
-1018800
-1019100
-1019400
-1019700
-1020000
-1020300
-1020600
-1020900
-1021200
-1021500
-1021800
-1022100
-1022400
-1022700
-1023000
-1023300
-1023600
-1023900
-1024200
-1024500
-1024800
-1025100
-1025400
-1025700
-1026000
-1026300
-1026300
-1026600
-1026900
-1027200
-1027500
-1027800
-1028100
-1028400
-1028700
-1029000
-1029300
-1029600
-1029900
-1029900
-1030200
-1030500
-1030800
-1031100
-1031400
-1031700
-1032000
-1032300
-1032600
-1032900
-1032900
-1033200
-1033200
-1033200
-1033500
-1033800
-1034100
-1034100
-1034400
-1034700
-1035000
-1035300
-1035600
-1035900
-1036200
-1036500
-1036800
-1037100
-1037400
-1037700
-1038000
-1038300
-1038600
-1038900
-1039200
-1039500
-1039500
-1039800
-1040100
-1040400
-1040700
-1041000
-1041000
-1041300
-1041600
-1041900
-1042200
-1042500
-1042800
-1043100
-1043400
-1043400
-1043700
-1044000
-1044300
-1044600
-1044900
-1045200
-1045500
-1045800
-1045800
-1045800
-1046100
-1046100
-1046400
-1046700
-1047000
-1047300
-1047600
-1047900
-1048200
-1048200
-1048500
-1048800
-1048800
-1049100
-1049400
-1049700
-1050000
-1050300
-1050600
-1050900
-1051200
-1051500
-1051800
-1052100
-1052400
-1052700
-1053000
-1053300
-1053600
-1053900
-1054200
-1054500
-1054800
-1055100
-1055400
-1055700
-1056000
-1056300
-1056600
-1056900
-1057200
-1057500
-1057800
-1058100
-1058400
-1058700
-1059000
-1059300
-1059600
-1059900
-1060200
-1060500
-1060800
-1058100
-1058400
-1058400
-1058700
-1059000
-1059300
-1059600
-1059900
-1060200
-1060500
-1060800
-1061100
-1061400
-1061700
-1062000
-1062300
-1062600
-1062900
-1063200
-1063500
-1063800
-1064100
-1064400
-1064700
-1065000
-1065300
-1065600
-1065900
-1066200
-1066500
-1066800
-1067100
-1067400
-1067700
-1068000
-1068000
-1068300
-1068600
-1068900
-1069200
-1069500
-1069800
-1070100
-1070100
-1070400
-1070700
-1071000
-1071300
-1071600
-1071900
-1072200
-1072500
-1072800
-1073100
-1073400
-1073700
-1074000
-1074300
-1071600
-1071900
-1072200
-1072500
-1072800
-1073100
-1073400
-1073700
-1074000
-1074300
-1074600
-1074900
-1075200
-1075500
-1075800
-1076100
-1076400
-1076400
-1076700
-1077000
-1077000
-1077300
-1077600
-1077900
-1077900
-1077900
-1078200
-1078500
-1078800
-1079100
-1079400
-1079700
-1080000
-1080300
-1080600
-1080900
-1081200
-1081500
-1081800
-1082100
-1082400
-1082700
-1083000
-1083300
-1083600
-1083900
-1084200
-1084500
-1084800
-1085100
-1085100
-1085400
-1085700
-1086000
-1086300
-1086600
-1086900
-1087200
-1087500
-1087800
-1088100
-1088400
-1088700
-1089000
-1089300
-1089300
-1089600
-1089900
-1090200
-1090500
-1090800
-1091100
-1091400
-1091400
-1091400
-1091700
-1092000
-1092300
-1092300
-1092600
-1092900
-1093200
-1093500
-1093800
-1094100
-1094400
-1094700
-1095000
-1095300
-1092600
-1092900
-1093200
-1093500
-1093800
-1094100
-1091400
-1091700
-1092000
-1092300
-1092600
-1092900
-1093200
-1093500
-1093800
-1094100
-1094400
-1094700
-1095000
-1095300
-1095600
-1095600
-1095900
-1096200
-1096500
-1096800
-1097100
-1097400
-1097700
-1098000
-1098300
-1098600
-1098600
-1098600
-1098900
-1099200
-1099500
-1099800
-1100100
-1100400
-1100700
-1101000
-1101000
-1101300
-1101600
-1101900
-1102200
-1102500
-1102800
-1103100
-1103400
-1103700
-1104000
-1104300
-1104600
-1104900
-1105200
-1105500
-1105800
-1106100
-1106400
-1106700
-1107000
-1107300
-1107600
-1107900
-1108200
-1108500
-1108800
-1109100
-1109400
-1109700
-1110000
-1110300
-1107600
-1107900
-1108200
-1108500
-1108800
-1109100
-1109400
-1109400
-1109700
-1110000
-1110300
-1110600
-1110900
-1111200
-1111500
-1111800
-1112100
-1112400
-1112700
-1112700
-1113000
-1110300
-1110600
-1110900
-1111200
-1111500
-1111800
-1112100
-1112400
-1112700
-1113000
-1113300
-1113600
-1113900
-1114200
-1114500
-1114800
-1115100
-1115400
-1115700
-1115700
-1116000
-1116300
-1116600
-1116900
-1117200
-1117500
-1117800
-1118100
-1115400
-1115700
-1116000
-1116300
-1116600
-1116600
-1116600
-1116900
-1117200
-1117500
-1117800
-1118100
-1118400
-1118700
-1118700
-1119000
-1119300
-1119600
-1119900
-1120200
-1120500
-1120800
-1121100
-1121400
-1121700
-1121700
-1122000
-1122300
-1122600
-1122900
-1123200
-1123500
-1123800
-1124100
-1124400
-1124700
-1124700
-1125000
-1125300
-1125600
-1125900
-1126200
-1126500
-1126500
-1126500
-1126800
-1127100
-1127400
-1127700
-1128000
-1128300
-1128600
-1128900
-1129200
-1129500
-1129500
-1129800
-1130100
-1130100
-1130100
-1130400
-1130700
-1131000
-1131300
-1131600
-1131900
-1129200
-1129500
-1129800
-1130100
-1130400
-1130700
-1131000
-1131300
-1131600
-1131900
-1132200
-1132500
-1132800
-1133100
-1133400
-1133400
-1133700
-1134000
-1134300
-1134600
-1134900
-1135200
-1135500
-1135500
-1132800
-1133100
-1133400
-1133700
-1134000
-1134300
-1134600
-1134900
-1135200
-1135500
-1135800
-1136100
-1136400
-1136700
-1137000
-1137300
-1137600
-1137900
-1138200
-1138500
-1138800
-1139100
-1139400
-1139700
-1140000
-1140300
-1140600
-1140900
-1141200
-1141500
-1141800
-1141800
-1141800
-1142100
-1142400
-1142700
-1143000
-1143300
-1143600
-1143600
-1143900
-1144200
-1144500
-1144800
-1145100
-1145400
-1145700
-1146000
-1146300
-1146600
-1146900
-1147200
-1147500
-1147800
-1148100
-1148400
-1148700
-1149000
-1149300
-1149600
-1149900
-1150200
-1150500
-1150800
-1151100
-1151100
-1151400
-1151700
-1151700
-1152000
-1152300
-1152600
-1152900
-1153200
-1153500
-1153800
-1154100
-1154400
-1154700
-1155000
-1155300
-1155600
-1155900
-1155900
-1156200
-1156500
-1156500
-1156800
-1156800
-1157100
-1157100
-1157400
-1157700
-1158000
-1158300
-1158600
-1158900
-1159200
-1159500
-1159800
-1160100
-1160400
-1160700
-1161000
-1161300
-1161600
-1161900
-1162200
-1162500
-1162800
-1163100
-1163400
-1163700
-1164000
-1164300
-1164600
-1164900
-1165200
-1165500
-1165800
-1166100
-1166400
-1166700
-1167000
-1167300
-1167600
-1167900
-1168200
-1168500
-1168800
-1169100
-1169400
-1169700
-1170000
-1170300
-1170600
-1170900
-1171200
-1171500
-1171800
-1171800
-1172100
-1172400
-1172700
-1173000
-1173300
-1173600
-1173900
-1174200
-1174500
-1174800
-1175100
-1175400
-1175400
-1175700
-1175700
-1176000
-1176300
-1176600
-1176900
-1177200
-1177500
-1177800
-1177800
-1178100
-1178400
-1178700
-1179000
-1179300
-1179600
-1179900
-1180200
-1180500
-1180800
-1181100
-1181400
-1181700
-1182000
-1182300
-1182600
-1182900
-1183200
-1183500
-1183500
-1183500
-1183500
-1183800
-1183800
-1184100
-1184400
-1184700
-1185000
-1185300
-1185600
-1185900
-1183200
-1183500
-1183800
-1184100
-1184400
-1184700
-1184700
-1184700
-1185000
-1185300
-1185600
-1185900
-1186200
-1186500
-1186800
-1187100
-1187400
-1187700
-1188000
-1188300
-1188600
-1188900
-1188900
-1189200
-1189500
-1189800
-1190100
-1190100
-1190400
-1190700
-1191000
-1191300
-1191600
-1191900
-1192200
-1192500
-1192800
-1193100
-1193400
-1193400
-1193400
-1193700
-1194000
-1194300
-1194600
-1194900
-1195200
-1195200
-1195500
-1195800
-1196100
-1196400
-1196700
-1197000
-1197300
-1197600
-1197900
-1198200
-1198500
-1198800
-1199100
-1199400
-1199700
-1200000
-1200300
-1200600
-1200900
-1201200
-1201500
-1201800
-1202100
-1202400
-1202700
-1203000
-1203300
-1203600
-1203900
-1204200
-1204500
-1201800
-1202100
-1202400
-1202700
-1203000
-1203300
-1203600
-1203900
-1204200
-1204500
-1204800
-1205100
-1205400
-1205700
-1205700
-1206000
-1206000
-1206300
-1206600
-1206600
-1206900
-1207200
-1207500
-1204800
-1205100
-1205400
-1205700
-1206000
-1206300
-1206600
-1206900
-1207200
-1207500
-1207800
-1208100
-1208400
-1208700
-1209000
-1209300
-1209600
-1209900
-1210200
-1210500
-1210800
-1211100
-1211400
-1211700
-1212000
-1212300
-1212600
-1212900
-1213200
-1213500
-1213800
-1214100
-1214400
-1214700
-1215000
-1215300
-1215600
-1215900
-1216200
-1216500
-1216800
-1217100
-1217400
-1217700
-1218000
-1218300
-1218600
-1218900
-1219200
-1219500
-1219800
-1220100
-1220400
-1210700
-1211000
-1211300
-1211600
-1211900
-1212200
-1212200
-1212500
-1212800
-1213100
-1213400
-1213400
-1213700
-1213700
-1214000
-1214300
-1214600
-1214900
-1215200
-1215500
-1215800
-1216100
-1216400
-1216700
-1217000
-1217300
-1217600
-1217900
-1218200
-1218500
-1218800
-1219100
-1219400
-1219700
-1219700
-1219700
-1220000
-1220000
-1220300
-1220600
-1220900
-1221200
-1221500
-1221800
-1222100
-1222400
-1222700
-1223000
-1223300
-1223600
-1223900
-1224200
-1224500
-1224800
-1225100
-1225100
-1225400
-1225700
-1225700
-1226000
-1226300
-1226600
-1226900
-1227200
-1227500
-1227800
-1228100
-1228100
-1228400
-1228700
-1228700
-1229000
-1229300
-1229600
-1229900
-1230200
-1230500
-1230800
-1231100
-1231400
-1231400
-1231700
-1231700
-1232000
-1232300
-1232600
-1232900
-1233200
-1233200
-1233500
-1233800
-1234100
-1234400
-1234700
-1235000
-1235300
-1235600
-1235900
-1236200
-1236500
-1236800
-1237100
-1237400
-1237700
-1238000
-1238300
-1238600
-1238900
-1239200
-1239500
-1239800
-1239800
-1240100
-1240400
-1240700
-1240700
-1240700
-1241000
-1241300
-1241600
-1241900
-1241900
-1242200
-1242500
-1242500
-1242800
-1243100
-1243400
-1243700
-1244000
-1244300
-1244300
-1244600
-1241900
-1242200
-1242500
-1242500
-1242800
-1243100
-1243400
-1243700
-1244000
-1244300
-1244600
-1244900
-1245200
-1245500
-1245800
-1246100
-1246400
-1246700
-1247000
-1247300
-1247600
-1247600
-1247900
-1248200
-1248500
-1248500
-1248800
-1248800
-1249100
-1249400
-1249700
-1250000
-1250300
-1250600
-1250900
-1251200
-1251500
-1251800
-1252100
-1252400
-1252700
-1253000
-1253300
-1253600
-1253900
-1254200
-1251500
-1251500
-1251500
-1251800
-1252100
-1252400
-1252700
-1253000
-1253300
-1253300
-1253600
-1253900
-1253900
-1251200
-1251500
-1251800
-1252100
-1252400
-1252700
-1253000
-1253300
-1253600
-1253900
-1253900
-1254200
-1254500
-1251800
-1252100
-1252400
-1252700
-1252700
-1253000
-1253300
-1250600
-1250600
-1250900
-1251200
-1251500
-1251800
-1252100
-1252400
-1252700
-1253000
-1253300
-1253300
-1253600
-1253900
-1254200
-1254500
-1251800
-1252100
-1252400
-1252700
-1253000
-1253300
-1253600
-1253900
-1251200
-1251500
-1251800
-1252100
-1252400
-1252700
-1253000
-1253300
-1253600
-1253900
-1254200
-1254500
-1254800
-1255100
-1255400
-1255700
-1255700
-1256000
-1256300
-1256600
-1256900
-1257200
-1257500
-1257800
-1258100
-1258400
-1258700
-1259000
-1259000
-1259300
-1259600
-1259900
-1260200
-1260500
-1260800
-1261100
-1261100
-1261400
-1261700
-1262000
-1262300
-1262300
-1262600
-1262900
-1263200
-1263500
-1263800
-1264100
-1264400
-1264700
-1265000
-1265300
-1265600
-1265900
-1266200
-1266500
-1266500
-1266800
-1267100
-1267400
-1267700
-1268000
-1268300
-1268300
-1268600
-1268900
-1269200
-1269500
-1269800
-1270100
-1270400
-1270700
-1271000
-1271300
-1271600
-1271900
-1272200
-1272500
-1272800
-1273100
-1273400
-1273700
-1274000
-1274300
-1274600
-1274900
-1275200
-1275500
-1275800
-1276100
-1276100
-1276100
-1276400
-1276700
-1277000
-1274300
-1274600
-1274900
-1274900
-1275200
-1275500
-1275800
-1276100
-1276400
-1276700
-1277000
-1277300
-1277600
-1277900
-1278200
-1278500
-1278800
-1279100
-1279400
-1279400
-1279700
-1280000
-1280300
-1280600
-1280600
-1280900
-1281200
-1281500
-1281800
-1282100
-1282400
-1282700
-1283000
-1283300
-1283600
-1283900
-1284200
-1284500
-1284800
-1285100
-1285400
-1285700
-1286000
-1286300
-1286600
-1286900
-1287200
-1287500
-1287500
-1287800
-1288100
-1288400
-1288700
-1289000
-1289000
-1289300
-1289600
-1289900
-1290200
-1290500
-1290800
-1291100
-1291400
-1291700
-1292000
-1292300
-1292600
-1292900
-1293200
-1293500
-1293800
-1294100
-1294400
-1291700
-1292000
-1292000
-1292300
-1292600
-1292900
-1293200
-1293200
-1293500
-1293500
-1293800
-1293800
-1294100
-1294400
-1294700
-1294700
-1295000
-1295300
-1295600
-1295900
-1296200
-1296500
-1296500
-1296800
-1297100
-1297400
-1297700
-1298000
-1298300
-1298600
-1298900
-1299200
-1299500
-1299800
-1300100
-1300400
-1300700
-1301000
-1301300
-1301600
-1301900
-1302200
-1299500
-1299800
-1299800
-1300100
-1300100
-1300400
-1300700
-1301000
-1301300
-1301600
-1301900
-1302200
-1302500
-1302500
-1302800
-1303100
-1303100
-1303400
-1303700
-1304000
-1304300
-1304600
-1304900
-1305200
-1305500
-1305800
-1306100
-1306400
-1306700
-1307000
-1307300
-1307600
-1307900
-1308200
-1308500
-1308800
-1309100
-1309400
-1309700
-1310000
-1310300
-1310600
-1310900
-1311200
-1311500
-1311800
-1312100
-1312400
-1312700
-1313000
-1313300
-1313600
-1313900
-1314200
-1314500
-1314800
-1315100
-1315400
-1315700
-1315700
-1316000
-1316300
-1316600
-1316900
-1317200
-1317500
-1314800
-1314800
-1315100
-1315400
-1315700
-1316000
-1316300
-1316600
-1316900
-1317200
-1314500
-1314800
-1315100
-1315400
-1315700
-1316000
-1316300
-1316300
-1316600
-1316900
-1317200
-1317500
-1317800
-1318100
-1318400
-1318700
-1319000
-1319300
-1319600
-1319900
-1320200
-1320500
-1320800
-1321100
-1321400
-1321700
-1322000
-1322300
-1322300
-1322600
-1322900
-1323200
-1323500
-1323800
-1324100
-1324400
-1324700
-1325000
-1325300
-1325600
-1325900
-1326200
-1326200
-1326500
-1326800
-1327100
-1327400
-1327700
-1328000
-1328300
-1328600
-1328900
-1329200
-1329500
-1329800
-1330100
-1330400
-1330700
-1331000
-1331300
-1331600
-1331900
-1332200
-1332500
-1332500
-1332800
-1333100
-1333400
-1333400
-1333700
-1334000
-1334300
-1334600
-1334900
-1335200
-1335500
-1335800
-1336100
-1336400
-1336700
-1337000
-1337000
-1334300
-1334600
-1334900
-1335200
-1335500
-1335800
-1336100
-1336400
-1336700
-1337000
-1337300
-1337600
-1337900
-1338200
-1338200
-1338500
-1338800
-1339100
-1339400
-1339700
-1340000
-1340300
-1340600
-1340900
-1340900
-1341200
-1341500
-1341800
-1342100
-1342400
-1342700
-1343000
-1343000
-1343300
-1343600
-1343900
-1344200
-1344500
-1344500
-1344800
-1345100
-1345400
-1345700
-1346000
-1346300
-1346600
-1346900
-1347200
-1347500
-1347800
-1348100
-1348100
-1348400
-1348700
-1349000
-1349300
-1349600
-1349900
-1350200
-1350200
-1350500
-1350800
-1350800
-1351100
-1351400
-1351700
-1352000
-1352300
-1352600
-1352900
-1353200
-1353500
-1353800
-1354100
-1354400
-1354700
-1355000
-1355300
-1355600
-1355900
-1356200
-1356500
-1356800
-1357100
-1357400
-1357700
-1358000
-1358000
-1358300
-1358600
-1358900
-1359200
-1359500
-1359800
-1360100
-1360400
-1360700
-1361000
-1361300
-1361600
-1361900
-1362200
-1362500
-1362800
-1363100
-1363400
-1363700
-1364000
-1364300
-1364600
-1364900
-1365200
-1365500
-1365800
-1366100
-1366400
-1366700
-1367000
-1367300
-1367600
-1367900
-1368200
-1368200
-1368500
-1368800
-1369100
-1369400
-1369700
-1370000
-1370000
-1370300
-1370600
-1370900
-1371200
-1371500
-1371800
-1372100
-1372400
-1372700
-1373000
-1373300
-1373600
-1373900
-1374200
-1374200
-1374500
-1374800
-1375100
-1375400
-1375700
-1375700
-1376000
-1376300
-1376600
-1376900
-1376900
-1377200
-1377500
-1377800
-1378100
-1378400
-1378700
-1379000
-1379300
-1379300
-1379600
-1379900
-1380200
-1380500
-1380500
-1380800
-1381100
-1381400
-1381700
-1381700
-1381700
-1382000
-1382300
-1382600
-1382900
-1383200
-1383500
-1383800
-1384100
-1384100
-1384400
-1384700
-1385000
-1382300
-1382300
-1382600
-1382900
-1383200
-1383500
-1383800
-1383800
-1384100
-1384400
-1384700
-1385000
-1385300
-1385300
-1385600
-1385900
-1386200
-1386500
-1386800
-1387100
-1387400
-1387700
-1388000
-1388300
-1388300
-1388600
-1388900
-1388900
-1389200
-1389500
-1389800
-1390100
-1390100
-1390400
-1390700
-1391000
-1391300
-1391600
-1391900
-1392200
-1392500
-1392800
-1392800
-1393100
-1390400
-1390700
-1391000
-1391300
-1391600
-1391900
-1392200
-1392500
-1392800
-1393100
-1393400
-1393400
-1393700
-1393700
-1394000
-1394300
-1394600
-1394900
-1395200
-1395500
-1395800
-1396100
-1396400
-1396700
-1397000
-1397300
-1397600
-1397900
-1398200
-1398500
-1398800
-1399100
-1399400
-1399700
-1400000
-1400300
-1400600
-1400900
-1401200
-1401500
-1401800
-1402100
-1402400
-1402700
-1403000
-1403300
-1403600
-1403900
-1404200
-1404500
-1404800
-1404800
-1405100
-1405400
-1405700
-1406000
-1406300
-1406300
-1406600
-1406900
-1407200
-1407500
-1404800
-1405100
-1405100
-1405100
-1405400
-1405700
-1406000
-1406300
-1406600
-1406900
-1407200
-1407500
-1407800
-1408100
-1408400
-1408700
-1409000
-1409300
-1409600
-1409900
-1410200
-1410500
-1410800
-1411100
-1411400
-1411700
-1412000
-1412000
-1412300
-1412600
-1412900
-1413200
-1413500
-1413800
-1414100
-1414100
-1414400
-1414700
-1415000
-1415300
-1415600
-1415900
-1416200
-1416500
-1416800
-1417100
-1417400
-1417700
-1418000
-1418300
-1418300
-1418600
-1418900
-1419200
-1419500
-1419800
-1420100
-1420400
-1420700
-1421000
-1421300
-1421600
-1421900
-1422200
-1422500
-1422800
-1423100
-1423100
-1423400
-1423700
-1424000
-1414300
-1414600
-1414900
-1414900
-1415200
-1415500
-1415800
-1416100
-1416400
-1416700
-1417000
-1414300
-1414600
-1414900
-1415200
-1415500
-1415800
-1416100
-1416400
-1416700
-1417000
-1417300
-1417600
-1417600
-1417600
-1417900
-1418200
-1418500
-1418800
-1419100
-1419400
-1419700
-1420000
-1420300
-1420600
-1420900
-1421200
-1421500
-1421800
-1422100
-1422400
-1422700
-1423000
-1423300
-1423300
-1423600
-1423900
-1424200
-1424500
-1424800
-1425100
-1425400
-1425700
-1426000
-1426000
-1426000
-1426300
-1426600
-1426900
-1427200
-1427500
-1424800
-1425100
-1425400
-1425700
-1426000
-1426300
-1426600
-1426900
-1427200
-1427500
-1427800
-1428100
-1428100
-1428400
-1428700
-1429000
-1429300
-1429600
-1429900
-1430200
-1430500
-1430800
-1431100
-1431400
-1431700
-1432000
-1432000
-1432300
-1432600
-1432900
-1433200
-1433500
-1433800
-1434100
-1434400
-1434700
-1435000
-1435300
-1435600
-1435900
-1436200
-1436500
-1436800
-1437100
-1437400
-1437700
-1438000
-1438300
-1438600
-1438900
-1439200
-1439500
-1439800
-1440100
-1440400
-1440700
-1441000
-1441000
-1441000
-1441000
-1441300
-1441600
-1441900
-1442200
-1442500
-1442800
-1443100
-1443400
-1443700
-1444000
-1444300
-1444600
-1444900
-1445200
-1445500
-1445800
-1446100
-1446400
-1446700
-1447000
-1447300
-1447600
-1447900
-1448200
-1448500
-1448800
-1449100
-1449400
-1449700
-1450000
-1450300
-1450600
-1450900
-1451200
-1451500
-1451800
-1452100
-1452400
-1452700
-1453000
-1453300
-1453600
-1453900
-1454200
-1454500
-1454800
-1454800
-1455100
-1455400
-1455700
-1456000
-1456300
-1456600
-1456600
-1456900
-1457200
-1457500
-1457500
-1457800
-1458100
-1458400
-1458700
-1459000
-1459300
-1459600
-1459900
-1460200
-1460200
-1460500
-1460500
-1460500
-1460800
-1461100
-1461400
-1461700
-1462000
-1462300
-1462600
-1462900
-1463200
-1463500
-1463800
-1463800
-1464100
-1464400
-1464700
-1465000
-1465300
-1465600
-1465900
-1466200
-1466500
-1466800
-1467100
-1467400
-1467700
-1468000
-1468000
-1468300
-1468600
-1468900
-1469200
-1469500
-1469800
-1470100
-1470100
-1470400
-1470700
-1471000
-1471300
-1471600
-1471900
-1472200
-1472500
-1472500
-1472800
-1473100
-1473400
-1473700
-1474000
-1474300
-1474600
-1474900
-1475200
-1475200
-1475500
-1475800
-1476100
-1476400
-1476700
-1477000
-1477300
-1477300
-1477600
-1477900
-1478200
-1478500
-1478500
-1478800
-1479100
-1479400
-1479700
-1480000
-1480300
-1480600
-1480900
-1481200
-1481500
-1481800
-1482100
-1482400
-1482700
-1483000
-1483300
-1483600
-1483900
-1484200
-1484500
-1484800
-1485100
-1485400
-1485400
-1485700
-1486000
-1486300
-1486600
-1486900
-1487200
-1487500
-1487800
-1488100
-1488400
-1488700
-1489000
-1489000
-1489300
-1489600
-1489900
-1490200
-1490500
-1490800
-1491100
-1491400
-1491700
-1492000
-1492300
-1492600
-1492900
-1493200
-1493500
-1490800
-1491100
-1491400
-1491700
-1491700
-1491700
-1491700
-1492000
-1492300
-1492600
-1492900
-1493200
-1493500
-1493800
-1494100
-1494400
-1494700
-1495000
-1495300
-1495600
-1495900
-1496200
-1496500
-1496800
-1497100
-1497400
-1497400
-1497700
-1498000
-1498300
-1498600
-1498900
-1499200
-1499500
-1499800
-1500100
-1500400
-1500700
-1501000
-1501300
-1501600
-1501900
-1502200
-1502500
-1502800
-1503100
-1503400
-1503700
-1504000
-1504300
-1504600
-1504900
-1505200
-1505200
-1505500
-1505800
-1506100
-1506400
-1506700
-1507000
-1507300
-1507600
-1507900
-1508200
-1508200
-1508500
-1508800
-1509100
-1509400
-1509700
-1510000
-1510300
-1510600
-1510900
-1511200
-1511500
-1508800
-1508800
-1509100
-1509400
-1509700
-1510000
-1510300
-1510600
-1510900
-1511200
-1511200
-1511500
-1511800
-1512100
-1512100
-1512400
-1512700
-1513000
-1513300
-1513600
-1513900
-1514200
-1514500
-1514500
-1514800
-1515100
-1515400
-1515700
-1516000
-1516300
-1516600
-1516900
-1517200
-1517500
-1517800
-1518100
-1518400
-1518700
-1519000
-1519300
-1519600
-1519900
-1520200
-1520500
-1520800
-1521100
-1521400
-1521400
-1521700
-1522000
-1522300
-1522600
-1522900
-1523200
-1523500
-1523800
-1524100
-1524400
-1524400
-1524700
-1525000
-1525300
-1525600
-1525900
-1526200
-1526500
-1526500
-1526800
-1526800
-1527100
-1527400
-1527700
-1528000
-1528300
-1528600
-1528900
-1529200
-1529200
-1529500
-1529800
-1530100
-1530400
-1530700
-1531000
-1531300
-1531600
-1531900
-1532200
-1532500
-1532800
-1533100
-1533400
-1533700
-1534000
-1534300
-1531600
-1531900
-1532200
-1532500
-1532800
-1532800
-1533100
-1533400
-1533700
-1534000
-1534300
-1534600
-1534900
-1535200
-1535500
-1535800
-1536100
-1536400
-1536700
-1537000
-1537300
-1537600
-1537900
-1538200
-1538500
-1538800
-1538800
-1539100
-1539400
-1539700
-1540000
-1540300
-1540600
-1540900
-1540900
-1541200
-1541200
-1541500
-1541800
-1542100
-1542400
-1542700
-1543000
-1543300
-1543600
-1543900
-1544200
-1544500
-1544800
-1545100
-1545400
-1545700
-1546000
-1546000
-1546300
-1546600
-1546900
-1547200
-1547500
-1547800
-1548100
-1548400
-1548700
-1549000
-1549300
-1549600
-1549900
-1550200
-1550500
-1550800
-1551100
-1551400
-1551700
-1552000
-1552300
-1552600
-1552900
-1553200
-1553500
-1553800
-1554100
-1554400
-1554700
-1555000
-1555300
-1555600
-1555900
-1555900
-1556200
-1556500
-1556800
-1557100
-1557400
-1557700
-1558000
-1558300
-1558600
-1558900
-1559200
-1559500
-1559800
-1560100
-1560400
-1560700
-1561000
-1561000
-1561300
-1561600
-1561900
-1562200
-1562500
-1562800
-1563100
-1563400
-1563700
-1564000
-1564300
-1564600
-1564900
-1565200
-1565500
-1562800
-1563100
-1563400
-1563700
-1564000
-1564300
-1564600
-1564600
-1564900
-1564900
-1565200
-1565500
-1565800
-1566100
-1566400
-1566400
-1566700
-1567000
-1567300
-1567600
-1567900
-1568200
-1568500
-1568800
-1569100
-1569400
-1569700
-1570000
-1570300
-1570600
-1570900
-1571200
-1571500
-1571800
-1572100
-1572400
-1572700
-1573000
-1573300
-1573600
-1573900
-1573900
-1573900
-1574200
-1574500
-1574800
-1575100
-1575400
-1575700
-1576000
-1576300
-1576600
-1576900
-1577200
-1577500
-1577800
-1578100
-1578400
-1578700
-1579000
-1579300
-1579300
-1579300
-1579300
-1579600
-1579900
-1580200
-1580200
-1580500
-1580800
-1581100
-1581400
-1578700
-1579000
-1579300
-1579600
-1579900
-1580200
-1580500
-1580500
-1580800
-1581100
-1581400
-1581700
-1582000
-1582300
-1582600
-1582900
-1583200
-1583500
-1583500
-1583800
-1584100
-1584400
-1581700
-1582000
-1582300
-1582600
-1582900
-1583200
-1583500
-1583800
-1584100
-1584400
-1584700
-1585000
-1585300
-1585600
-1585900
-1585900
-1586200
-1586500
-1586800
-1587100
-1587400
-1587700
-1588000
-1588300
-1588600
-1588600
-1588900
-1588900
-1589200
-1589500
-1589800
-1590100
-1590400
-1590700
-1590700
-1591000
-1591300
-1591600
-1591900
-1592200
-1592200
-1592500
-1592800
-1593100
-1593400
-1593700
-1594000
-1594300
-1594600
-1594900
-1595200
-1595500
-1595800
-1596100
-1596400
-1596400
-1596700
-1597000
-1597300
-1597600
-1597900
-1597900
-1598200
-1598500
-1598500
-1598800
-1599100
-1599400
-1599700
-1600000
-1600300
-1600600
-1600900
-1601200
-1601500
-1601800
-1602100
-1602100
-1602400
-1602700
-1602700
-1603000
-1603300
-1603600
-1603900
-1604200
-1604500
-1604800
-1605100
-1605400
-1605700
-1606000
-1606300
-1606600
-1606900
-1607200
-1607200
-1607500
-1607800
-1608100
-1608400
-1608700
-1609000
-1609300
-1609600
-1609900
-1610200
-1610500
-1610800
-1611100
-1611400
-1611700
-1612000
-1612300
-1612300
-1612600
-1612900
-1613200
-1613500
-1613800
-1614100
-1614400
-1614700
-1615000
-1615000
-1615300
-1615600
-1615900
-1616200
-1616500
-1616800
-1617100
-1617400
-1614700
-1615000
-1615300
-1615300
-1615600
-1615900
-1616200
-1616500
-1616800
-1617100
-1617400
-1617700
-1617700
-1618000
-1618300
-1618600
-1618900
-1619200
-1619500
-1619800
-1620100
-1620400
-1620700
-1621000
-1621000
-1621300
-1621600
-1621900
-1622200
-1622500
-1622500
-1622800
-1623100
-1623400
-1623700
-1624000
-1624300
-1624600
-1624900
-1625200
-1625500
-1625800
-1626100
-1626400
-1626400
-1626700
-1627000
-1627300
-1627600
-1627900
-1628200
-1628500
-1628800
-1629100
-1629400
-1629700
-1630000
-1630300
-1630600
-1630900
-1630900
-1631200
-1631500
-1631800
-1632100
-1632400
-1632700
-1633000
-1633300
-1633600
-1633900
-1634200
-1634500
-1634800
-1635100
-1635400
-1635700
-1636000
-1636300
-1636600
-1636900
-1637200
-1637500
-1637500
-1637800
-1638100
-1638400
-1638700
-1639000
-1639300
-1639600
-1639900
-1640200
-1640500
-1640800
-1641100
-1641400
-1641700
-1642000
-1642300
-1642600
-1642900
-1643200
-1643200
-1643500
-1643800
-1641100
-1641400
-1641700
-1642000
-1642300
-1642600
-1642900
-1643200
-1643500
-1643800
-1644100
-1644400
-1644400
-1644700
-1645000
-1645300
-1645600
-1645900
-1646200
-1646200
-1646500
-1646800
-1647100
-1647400
-1647700
-1648000
-1648300
-1648600
-1648900
-1649200
-1649500
-1649800
-1650100
-1650400
-1650400
-1650700
-1651000
-1651300
-1651600
-1651900
-1652200
-1652500
-1652800
-1653100
-1653400
-1653700
-1654000
-1654300
-1654600
-1654900
-1655200
-1655500
-1655800
-1656100
-1656400
-1656700
-1656700
-1657000
-1657300
-1657600
-1657900
-1657900
-1658200
-1658200
-1658500
-1658800
-1659100
-1659400
-1659700
-1660000
-1660000
-1660300
-1660600
-1660900
-1661200
-1661500
-1661800
-1662100
-1662400
-1662700
-1663000
-1663300
-1663600
-1663900
-1664200
-1664500
-1664800
-1665100
-1665400
-1665700
-1666000
-1666300
-1666600
-1666900
-1667200
-1667200
-1667500
-1667800
-1668100
-1668400
-1668700
-1669000
-1669300
-1669600
-1669900
-1670200
-1670500
-1670800
-1671100
-1671400
-1671400
-1671700
-1672000
-1672300
-1672600
-1672900
-1673200
-1673500
-1673800
-1674100
-1674400
-1674400
-1674700
-1675000
-1675300
-1675600
-1675900
-1676200
-1676500
-1676800
-1676800
-1677100
-1677100
-1677400
-1677700
-1678000
-1678000
-1678300
-1678600
-1678900
-1679200
-1679500
-1679800
-1680100
-1680400
-1680700
-1681000
-1681300
-1681600
-1681900
-1682200
-1682500
-1682800
-1682800
-1683100
-1683400
-1683700
-1684000
-1684300
-1684600
-1684900
-1685200
-1685500
-1685800
-1686100
-1686400
-1686700
-1686700
-1687000
-1687300
-1687600
-1687900
-1688200
-1685500
-1685800
-1686100
-1686400
-1686700
-1687000
-1687300
-1687600
-1687900
-1688200
-1688500
-1688800
-1689100
-1689400
-1689700
-1687000
-1684300
-1684600
-1684900
-1685200
-1685500
-1685800
-1686100
-1686400
-1686700
-1687000
-1687300
-1687600
-1687600
-1687600
-1687900
-1688200
-1688500
-1688500
-1688800
-1689100
-1689400
-1689700
-1690000
-1690300
-1690600
-1690900
-1691200
-1691500
-1691500
-1691800
-1692100
-1692400
-1692700
-1693000
-1693300
-1693600
-1693900
-1694200
-1694500
-1694800
-1695100
-1695400
-1695700
-1696000
-1696300
-1696600
-1696900
-1697200
-1697500
-1697800
-1698100
-1698400
-1688700
-1688700
-1689000
-1689300
-1689600
-1689900
-1690200
-1690500
-1690800
-1691100
-1691400
-1691700
-1692000
-1692300
-1692600
-1692600
-1692900
-1693200
-1693200
-1693500
-1693800
-1694100
-1694400
-1694700
-1695000
-1695300
-1695600
-1695900
-1696200
-1696500
-1696800
-1697100
-1697400
-1697700
-1698000
-1698300
-1698600
-1698900
-1699200
-1699500
-1699800
-1700100
-1700400
-1700700
-1701000
-1701300
-1701600
-1701900
-1702200
-1702500
-1702800
-1703100
-1703400
-1703700
-1703700
-1704000
-1704300
-1704600
-1704900
-1705200
-1705500
-1705800
-1706100
-1706100
-1706400
-1706700
-1707000
-1707300
-1707300
-1707300
-1707600
-1707900
-1707900
-1707900
-1708200
-1708500
-1708800
-1706100
-1706400
-1706700
-1707000
-1707300
-1707600
-1707900
-1708200
-1708500
-1708800
-1709100
-1709400
-1709700
-1710000
-1710300
-1710600
-1710900
-1711200
-1711500
-1711800
-1712100
-1712100
-1712100
-1712400
-1712700
-1713000
-1713300
-1713600
-1713900
-1714200
-1714500
-1714800
-1715100
-1715400
-1715700
-1716000
-1716300
-1716600
-1716900
-1717200
-1717500
-1717800
-1718100
-1718400
-1718700
-1719000
-1719300
-1719600
-1719900
-1720200
-1720500
-1720800
-1721100
-1721400
-1721400
-1721700
-1722000
-1722300
-1722600
-1722900
-1723200
-1723500
-1723800
-1724100
-1724400
-1724700
-1725000
-1725000
-1725300
-1725600
-1725900
-1726200
-1726500
-1726500
-1726800
-1727100
-1727400
-1727700
-1727700
-1728000
-1728300
-1728600
-1728900
-1729200
-1729500
-1729800
-1729800
-1730100
-1730400
-1730700
-1731000
-1731300
-1731600
-1731900
-1732200
-1732500
-1732800
-1733100
-1733100
-1733100
-1733100
-1733400
-1733700
-1734000
-1734300
-1734600
-1734600
-1734900
-1735200
-1735500
-1735800
-1736100
-1736400
-1736700
-1737000
-1737000
-1737300
-1737300
-1737600
-1737900
-1738200
-1738500
-1738800
-1739100
-1739100
-1739400
-1739700
-1740000
-1740300
-1740600
-1740900
-1741200
-1741200
-1741200
-1741500
-1741800
-1742100
-1742400
-1742700
-1743000
-1743300
-1743600
-1743900
-1744200
-1744200
-1744500
-1744800
-1745100
-1745400
-1745700
-1746000
-1746300
-1746600
-1746900
-1747200
-1747500
-1747800
-1748100
-1748400
-1748700
-1748700
-1748700
-1749000
-1749300
-1749600
-1749900
-1750200
-1750500
-1750800
-1751100
-1751400
-1751700
-1752000
-1752300
-1752600
-1752900
-1753200
-1753500
-1753800
-1754100
-1754400
-1754700
-1755000
-1755300
-1755600
-1755900
-1756200
-1756500
-1756500
-1756800
-1757100
-1757400
-1757700
-1758000
-1758300
-1758600
-1758900
-1759200
-1759500
-1759800
-1759800
-1759800
-1760100
-1760400
-1760700
-1761000
-1761300
-1761600
-1761900
-1762200
-1762500
-1762800
-1762800
-1763100
-1763400
-1763700
-1764000
-1764300
-1764600
-1764900
-1765200
-1765200
-1765500
-1765500
-1765800
-1765800
-1766100
-1766400
-1766700
-1767000
-1767300
-1767600
-1767900
-1768200
-1768200
-1768500
-1768800
-1769100
-1769400
-1769700
-1769700
-1770000
-1770300
-1770600
-1770900
-1771200
-1771500
-1771800
-1772100
-1772400
-1772700
-1773000
-1773300
-1773600
-1773600
-1773900
-1774200
-1774500
-1774800
-1775100
-1775400
-1775700
-1776000
-1773300
-1773600
-1773900
-1774200
-1774500
-1774800
-1775100
-1775400
-1775700
-1776000
-1776300
-1776600
-1776900
-1777200
-1774500
-1774800
-1775100
-1775400
-1775700
-1776000
-1776300
-1776600
-1776600
-1776900
-1777200
-1777500
-1777800
-1778100
-1778100
-1778400
-1778700
-1779000
-1779000
-1779000
-1779300
-1779600
-1779900
-1779900
-1780200
-1780500
-1780800
-1781100
-1781400
-1781700
-1781700
-1782000
-1782300
-1782300
-1782600
-1782900
-1783200
-1783500
-1783800
-1784100
-1784400
-1784700
-1785000
-1785300
-1785600
-1785900
-1785900
-1786200
-1786500
-1786800
-1786800
-1787100
-1787400
-1787700
-1788000
-1788300
-1788600
-1788900
-1789200
-1789500
-1789800
-1790100
-1790400
-1790700
-1791000
-1791300
-1791600
-1791900
-1792200
-1792500
-1792800
-1793100
-1793400
-1793700
-1794000
-1794300
-1794600
-1794900
-1795200
-1795200
-1795500
-1795800
-1795800
-1796100
-1796400
-1796700
-1797000
-1797300
-1797600
-1797900
-1798200
-1798200
-1798500
-1798800
-1799100
-1799400
-1799700
-1800000
-1800300
-1800600
-1800900
-1801200
-1801500
-1801800
-1802100
-1802400
-1802700
-1803000
-1803300
-1803600
-1803900
-1803900
-1804200
-1804500
-1804500
-1804800
-1805100
-1805400
-1805700
-1806000
-1806300
-1806600
-1806900
-1807200
-1807500
-1807800
-1808100
-1808400
-1808700
-1808700
-1809000
-1809000
-1809300
-1809600
-1809900
-1809900
-1810200
-1810500
-1810800
-1811100
-1811400
-1811700
-1812000
-1812300
-1812600
-1809900
-1810200
-1810500
-1810800
-1811100
-1811400
-1811700
-1812000
-1812300
-1812600
-1809900
-1810200
-1810500
-1810800
-1811100
-1811400
-1811700
-1812000
-1812300
-1812300
-1812600
-1812900
-1813200
-1813500
-1813800
-1814100
-1814400
-1814700
-1815000
-1815300
-1815600
-1815900
-1816200
-1816500
-1816800
-1817100
-1817400
-1817700
-1818000
-1818300
-1818300
-1818300
-1818600
-1818900
-1819200
-1819500
-1819500
-1819800
-1820100
-1820400
-1820700
-1821000
-1821300
-1821600
-1821900
-1822200
-1822500
-1822500
-1822800
-1823100
-1823400
-1823400
-1823700
-1824000
-1824300
-1824600
-1824900
-1825200
-1825500
-1825800
-1826100
-1826400
-1823700
-1824000
-1824300
-1824600
-1824900
-1825200
-1825500
-1825800
-1826100
-1826100
-1826400
-1826400
-1826700
-1827000
-1827300
-1827600
-1827900
-1828200
-1828500
-1828800
-1829100
-1829400
-1829700
-1830000
-1830300
-1830600
-1830900
-1831200
-1831500
-1831800
-1832100
-1832100
-1832400
-1829700
-1830000
-1830300
-1830600
-1830900
-1831200
-1831200
-1831500
-1831800
-1832100
-1832400
-1832700
-1832700
-1833000
-1833300
-1833600
-1833900
-1834200
-1834500
-1834500
-1834500
-1834800
-1835100
-1835400
-1835700
-1835700
-1835700
-1836000
-1836300
-1836600
-1836900
-1836900
-1837200
-1837500
-1837800
-1838100
-1838400
-1838700
-1839000
-1839300
-1839600
-1839900
-1840200
-1840500
-1840500
-1840500
-1840800
-1841100
-1841400
-1841400
-1841700
-1842000
-1842300
-1842600
-1842600
-1842900
-1843200
-1843200
-1843500
-1843800
-1844100
-1844400
-1844700
-1845000
-1845300
-1845600
-1845900
-1846200
-1846500
-1846800
-1847100
-1847400
-1847700
-1847700
-1848000
-1848000
-1848000
-1848300
-1848600
-1848900
-1849200
-1849500
-1849800
-1849800
-1850100
-1850100
-1850400
-1850700
-1851000
-1851300
-1851600
-1851600
-1851900
-1852200
-1852500
-1852800
-1853100
-1853400
-1853700
-1854000
-1854300
-1854600
-1854900
-1855200
-1855500
-1855800
-1855800
-1856100
-1856400
-1856700
-1857000
-1857300
-1857600
-1857900
-1858200
-1858500
-1858800
-1859100
-1859100
-1859400
-1859700
-1859700
-1860000
-1860300
-1860300
-1860600
-1860900
-1861200
-1861500
-1861800
-1862100
-1862400
-1862400
-1862700
-1863000
-1863300
-1863600
-1863900
-1864200
-1864500
-1864800
-1864800
-1865100
-1865400
-1865700
-1866000
-1866300
-1866600
-1866900
-1867200
-1867500
-1867800
-1868100
-1868400
-1868700
-1869000
-1869300
-1869600
-1869900
-1870200
-1870500
-1870800
-1871100
-1871400
-1871700
-1872000
-1872300
-1872600
-1872900
-1873200
-1873500
-1870800
-1871100
-1871400
-1871700
-1872000
-1872300
-1872300
-1872600
-1872900
-1873200
-1873500
-1873800
-1873800
-1874100
-1874400
-1874700
-1875000
-1875300
-1875600
-1875600
-1875900
-1876200
-1876500
-1876800
-1877100
-1877400
-1877700
-1877700
-1878000
-1878300
-1878600
-1878900
-1879200
-1879200
-1879500
-1879800
-1880100
-1877400
-1877700
-1878000
-1878300
-1878600
-1878900
-1879200
-1879500
-1879800
-1880100
-1880400
-1880700
-1881000
-1881300
-1881300
-1881600
-1881900
-1882200
-1882500
-1882800
-1883100
-1883100
-1883400
-1883700
-1884000
-1884300
-1884600
-1884900
-1885200
-1885500
-1885800
-1886100
-1886400
-1886700
-1887000
-1887300
-1887600
-1887900
-1888200
-1888500
-1888800
-1889100
-1889400
-1889700
-1890000
-1890000
-1890300
-1890600
-1890900
-1891200
-1891500
-1888800
-1889100
-1889400
-1889700
-1890000
-1890000
-1890300
-1890600
-1887900
-1888200
-1888500
-1888500
-1888800
-1889100
-1889400
-1889700
-1890000
-1890300
-1890600
-1890900
-1891200
-1891500
-1891800
-1892100
-1892400
-1892700
-1893000
-1893300
-1893300
-1893600
-1893900
-1893900
-1893900
-1894200
-1894500
-1894800
-1895100
-1895400
-1895700
-1896000
-1896300
-1896600
-1896900
-1897200
-1897500
-1897800
-1897800
-1898100
-1898400
-1898400
-1898700
-1899000
-1899300
-1899600
-1899600
-1899900
-1900200
-1900500
-1900800
-1901100
-1901400
-1901400
-1901700
-1902000
-1902000
-1902300
-1902600
-1902900
-1903200
-1903500
-1903800
-1904100
-1904400
-1904700
-1905000
-1905300
-1905600
-1905900
-1906200
-1906500
-1906800
-1907100
-1907400
-1897700
-1898000
-1898300
-1898600
-1898600
-1898900
-1899200
-1899500
-1899800
-1900100
-1900400
-1900700
-1901000
-1901300
-1901600
-1901900
-1901900
-1902200
-1902500
-1902800
-1903100
-1903400
-1903700
-1904000
-1904300
-1904600
-1904900
-1904900
-1905200
-1905500
-1905800
-1906100
-1906400
-1906700
-1907000
-1907300
-1907600
-1907900
-1908200
-1908500
-1908800
-1909100
-1909400
-1909700
-1909700
-1910000
-1910300
-1910600
-1910900
-1911200
-1911500
-1911800
-1911800
-1912100
-1912400
-1912700
-1913000
-1913300
-1913600
-1913900
-1914200
-1914500
-1914800
-1915100
-1912400
-1912700
-1913000
-1913300
-1913600
-1913600
-1913900
-1914200
-1914500
-1914800
-1914800
-1915100
-1915400
-1915700
-1916000
-1916300
-1916600
-1916900
-1917200
-1914500
-1914800
-1915100
-1915400
-1915700
-1916000
-1916000
-1916300
-1916600
-1916600
-1916900
-1917200
-1917500
-1917800
-1918100
-1918100
-1918400
-1918700
-1919000
-1919300
-1919600
-1919900
-1920200
-1920500
-1920800
-1921100
-1921400
-1921700
-1922000
-1922300
-1922600
-1922900
-1923200
-1923200
-1923500
-1923800
-1924100
-1924400
-1924700
-1925000
-1925300
-1925600
-1925900
-1926200
-1926500
-1926800
-1927100
-1927400
-1927700
-1928000
-1928300
-1928600
-1928900
-1929200
-1929500
-1926800
-1927100
-1927400
-1927400
-1927700
-1928000
-1928300
-1928300
-1928600
-1928900
-1929200
-1929500
-1929800
-1930100
-1930400
-1930700
-1931000
-1931300
-1931600
-1931900
-1932200
-1932500
-1932800
-1933100
-1933100
-1933400
-1933700
-1934000
-1934000
-1934300
-1934600
-1934900
-1935200
-1935500
-1935800
-1936100
-1936400
-1936700
-1937000
-1937300
-1937600
-1937900
-1938200
-1938500
-1938800
-1939100
-1939400
-1939700
-1940000
-1940300
-1940600
-1940900
-1941200
-1941500
-1941800
-1942100
-1942400
-1942700
-1943000
-1943300
-1943600
-1943900
-1944200
-1944500
-1944800
-1945100
-1945400
-1945700
-1946000
-1946300
-1946600
-1946600
-1946900
-1947200
-1947500
-1947800
-1948100
-1948400
-1948700
-1949000
-1949300
-1949600
-1949900
-1950200
-1950500
-1950800
-1951100
-1951400
-1951400
-1951700
-1952000
-1952300
-1952600
-1952900
-1953200
-1953500
-1953800
-1954100
-1954400
-1954700
-1955000
-1955300
-1955600
-1955600
-1955600
-1955900
-1956200
-1956500
-1956800
-1956800
-1957100
-1957400
-1957700
-1958000
-1958300
-1958600
-1958900
-1959200
-1959500
-1959800
-1959800
-1960100
-1960400
-1960700
-1961000
-1961000
-1961300
-1961600
-1961900
-1962200
-1962500
-1962800
-1963100
-1963400
-1963700
-1964000
-1964300
-1964600
-1964900
-1964900
-1965200
-1965500
-1965800
-1966100
-1966400
-1966700
-1967000
-1967300
-1967600
-1967900
-1968200
-1968500
-1968800
-1968800
-1969100
-1969400
-1969700
-1970000
-1970300
-1970600
-1970900
-1970900
-1971200
-1971500
-1971800
-1972100
-1972400
-1972700
-1973000
-1973300
-1973600
-1973900
-1974200
-1974500
-1974800
-1975100
-1975400
-1975700
-1976000
-1976300
-1976600
-1976600
-1976900
-1977200
-1977500
-1977800
-1978100
-1978400
-1978700
-1979000
-1979300
-1979600
-1979900
-1979900
-1979900
-1979900
-1979900
-1980200
-1980500
-1980800
-1981100
-1981400
-1981700
-1981700
-1982000
-1982300
-1982600
-1982600
-1982900
-1983200
-1983500
-1983800
-1984100
-1984400
-1984400
-1984700
-1985000
-1985300
-1985600
-1985900
-1986200
-1986500
-1986800
-1987100
-1987400
-1987700
-1988000
-1988300
-1988600
-1988900
-1988900
-1989200
-1989500
-1989800
-1990100
-1990100
-1990400
-1990700
-1991000
-1991300
-1991600
-1991900
-1992200
-1992500
-1992800
-1993100
-1993400
-1993700
-1994000
-1994300
-1994600
-1994900
-1995200
-1995500
-1995800
-1996100
-1996400
-1996700
-1997000
-1997300
-1997600
-1997900
-1998200
-1998500
-1998800
-1999100
-1999400
-1999700
-2000000
-2000300
-2000300
-2000600
-2000600
-2000900
-2001200
-2001500
-2001800
-2002100
-2002400
-1999700
-2000000
-2000300
-2000300
-2000600
-2000900
-2001200
-2001500
-2001500
-2001800
-2002100
-2002400
-2002700
-2003000
-2003300
-2003600
-2003900
-2004200
-2004200
-2004200
-2004500
-2004800
-2005100
-2005400
-2005700
-2006000
-2006300
-2006600
-2006900
-2007200
-2007500
-2007800
-2007800
-2008100
-2008400
-2008700
-2009000
-2009300
-2009600
-2009900
-2009900
-2010200
-2010500
-2010500
-2010800
-2011100
-2011400
-2011700
-2012000
-2012300
-2012600
-2012900
-2013200
-2013200
-2013500
-2013800
-2014100
-2014400
-2014700
-2015000
-2015300
-2015600
-2015900
-2016200
-2016500
-2016800
-2017100
-2017400
-2017400
-2017700
-2018000
-2018300
-2018600
-2015900
-2016200
-2016200
-2016500
-2016800
-2017100
-2017400
-2017700
-2018000
-2018300
-2018600
-2018900
-2019200
-2019500
-2019800
-2020100
-2020400
-2020700
-2021000
-2021300
-2021600
-2021900
-2021900
-2022200
-2022500
-2022800
-2023100
-2023400
-2023700
-2021000
-2021000
-2021300
-2021600
-2021900
-2022200
-2022500
-2022800
-2023100
-2023400
-2023400
-2023400
-2023700
-2023700
-2024000
-2024000
-2024300
-2024600
-2024600
-2024900
-2025200
-2025500
-2025800
-2026100
-2026400
-2026700
-2026700
-2027000
-2027300
-2027600
-2027900
-2028200
-2028500
-2028800
-2029100
-2029400
-2029700
-2030000
-2030300
-2030600
-2030900
-2030900
-2031200
-2031500
-2031800
-2032100
-2032400
-2032700
-2033000
-2033300
-2033600
-2033900
-2033900
-2034200
-2034500
-2034800
-2035100
-2035400
-2035700
-2036000
-2036000
-2036300
-2036600
-2036600
-2036900
-2037200
-2037500
-2037800
-2038100
-2038400
-2038700
-2039000
-2039000
-2039300
-2039600
-2039900
-2040200
-2040500
-2040800
-2041100
-2041400
-2041700
-2042000
-2042000
-2042300
-2042600
-2042900
-2043200
-2043500
-2043800
-2044100
-2044400
-2044700
-2045000
-2045300
-2045600
-2045900
-2046200
-2046500
-2046800
-2047100
-2047100
-2047400
-2047700
-2048000
-2048300
-2048600
-2048900
-2049200
-2049500
-2049800
-2050100
-2050100
-2050400
-2050700
-2051000
-2051300
-2051600
-2051900
-2052200
-2052500
-2052800
-2053100
-2053400
-2053400
-2053700
-2054000
-2054300
-2054600
-2054900
-2055200
-2055200
-2055500
-2055800
-2055800
-2056100
-2056400
-2056700
-2057000
-2057300
-2057300
-2057600
-2057900
-2057900
-2058200
-2058500
-2058800
-2059100
-2059400
-2059700
-2060000
-2060300
-2060600
-2060900
-2061200
-2061500
-2061800
-2062100
-2062400
-2062700
-2063000
-2063300
-2063600
-2063900
-2064200
-2064500
-2064800
-2055100
-2055400
-2055700
-2056000
-2056300
-2056300
-2056600
-2056900
-2057200
-2057200
-2057500
-2057800
-2058100
-2058100
-2058400
-2058700
-2059000
-2059300
-2059600
-2059900
-2060200
-2060500
-2060800
-2061100
-2061400
-2061700
-2062000
-2062300
-2062600
-2062900
-2063200
-2063500
-2063800
-2064100
-2064400
-2064700
-2065000
-2065300
-2065300
-2065600
-2065900
-2065900
-2066200
-2066500
-2066800
-2067100
-2067400
-2067700
-2068000
-2068300
-2068600
-2068900
-2069200
-2069500
-2069800
-2070100
-2070400
-2070400
-2070700
-2071000
-2071000
-2071000
-2071300
-2071600
-2071900
-2071900
-2072200
-2072500
-2072500
-2072800
-2073100
-2073400
-2073700
-2074000
-2074300
-2074600
-2074900
-2075200
-2075500
-2075800
-2076100
-2076400
-2076700
-2077000
-2077300
-2077600
-2077600
-2077900
-2078200
-2078500
-2078800
-2079100
-2079400
-2079700
-2080000
-2080300
-2080600
-2080900
-2081200
-2081500
-2081800
-2082100
-2082400
-2082700
-2083000
-2083300
-2083600
-2083900
-2084200
-2084500
-2084500
-2084800
-2085100
-2085400
-2085700
-2085700
-2086000
-2086300
-2086600
-2083900
-2084200
-2084500
-2084800
-2085100
-2085400
-2085700
-2086000
-2086300
-2086600
-2083900
-2084200
-2084500
-2084800
-2085100
-2085400
-2085700
-2086000
-2086300
-2086600
-2086900
-2087200
-2087500
-2087800
-2088100
-2088400
-2088400
-2088700
-2089000
-2089300
-2089600
-2089900
-2090200
-2090500
-2090800
-2091100
-2091400
-2091700
-2092000
-2092300
-2092600
-2092900
-2093200
-2093500
-2093800
-2094100
-2094400
-2094700
-2095000
-2095300
-2095600
-2095900
-2095900
-2096200
-2096500
-2096800
-2097100
-2097400
-2097700
-2098000
-2098300
-2098600
-2098900
-2099200
-2099500
-2099800
-2100100
-2100400
-2100700
-2101000
-2101300
-2101300
-2101600
-2101900
-2102200
-2102500
-2102800
-2103100
-2103400
-2103700
-2104000
-2104300
-2104600
-2104900
-2105200
-2102500
-2102800
-2103100
-2103400
-2103700
-2104000
-2104300
-2104600
-2104900
-2105200
-2105500
-2105800
-2106100
-2106400
-2106400
-2106700
-2107000
-2107300
-2107600
-2107900
-2108200
-2108500
-2108800
-2109100
-2109400
-2109700
-2110000
-2110300
-2110600
-2110900
-2111200
-2111500
-2111800
-2112100
-2112400
-2112700
-2113000
-2113300
-2113300
-2113600
-2113900
-2114200
-2114500
-2114800
-2115100
-2115400
-2115700
-2116000
-2116300
-2116600
-2116900
-2117200
-2117500
-2117800
-2118100
-2118400
-2118700
-2119000
-2119300
-2119600
-2119900
-2119900
-2120200
-2120500
-2120500
-2120800
-2121100
-2121400
-2121700
-2121700
-2122000
-2122300
-2122600
-2122900
-2123200
-2123200
-2123500
-2123800
-2124100
-2124100
-2124400
-2124700
-2125000
-2125300
-2125600
-2125900
-2126200
-2126500
-2126800
-2127100
-2127400
-2127700
-2128000
-2128300
-2128600
-2128900
-2129200
-2129500
-2129800
-2130100
-2130400
-2130400
-2130700
-2131000
-2131300
-2131600
-2131900
-2132200
-2132500
-2132800
-2133100
-2133400
-2133700
-2134000
-2134300
-2134600
-2134900
-2135200
-2135500
-2135800
-2136100
-2136400
-2136400
-2136700
-2137000
-2137300
-2137600
-2137900
-2138200
-2138500
-2138500
-2138800
-2139100
-2139400
-2139700
-2140000
-2140300
-2140600
-2140900
-2141200
-2141500
-2141800
-2142100
-2142100
-2142400
-2142700
-2140000
-2140300
-2140600
-2140900
-2141200
-2141200
-2141500
-2141800
-2142100
-2142400
-2142700
-2143000
-2143300
-2143600
-2143900
-2143900
-2144200
-2144500
-2144800
-2145100
-2145400
-2145700
-2146000
-2146300
-2146600
-2146900
-2147200
-2147200
-2147500
-2147800
-2148100
-2148400
-2148700
-2149000
-2149300
-2149600
-2149900
-2150200
-2150500
-2150800
-2151100
-2151400
-2151700
-2152000
-2152300
-2152600
-2152900
-2153200
-2153200
-2153200
-2153500
-2153800
-2154100
-2154100
-2154400
-2154700
-2155000
-2155300
-2155600
-2155900
-2156200
-2156500
-2156800
-2157100
-2157400
-2157700
-2158000
-2158300
-2158600
-2158900
-2159200
-2159500
-2159500
-2159800
-2160100
-2160400
-2160400
-2160700
-2161000
-2161300
-2161600
-2161900
-2162200
-2162500
-2162500
-2162800
-2163100
-2163400
-2163700
-2164000
-2164300
-2161600
-2161600
-2161600
-2161900
-2162200
-2162500
-2162800
-2163100
-2163400
-2163700
-2164000
-2164000
-2164300
-2164600
-2164900
-2165200
-2165200
-2165500
-2165800
-2166100
-2166400
-2166400
-2166700
-2167000
-2167000
-2167300
-2167600
-2167900
-2168200
-2168500
-2168800
-2168800
-2169100
-2159400
-2159700
-2160000
-2160300
-2160300
-2160600
-2160900
-2161200
-2161500
-2161800
-2162100
-2162400
-2162700
-2163000
-2163300
-2163600
-2163900
-2164200
-2164500
-2164500
-2164800
-2165100
-2165400
-2165400
-2165700
-2166000
-2166300
-2166600
-2166900
-2167200
-2167500
-2167800
-2158100
-2158400
-2158400
-2158700
-2159000
-2159300
-2159600
-2159900
-2160200
-2160500
-2160800
-2161100
-2161400
-2161700
-2161700
-2162000
-2162300
-2162600
-2162900
-2163200
-2163500
-2163800
-2164100
-2164400
-2164700
-2165000
-2165300
-2165600
-2165900
-2166200
-2166500
-2166800
-2167100
-2167400
-2167700
-2168000
-2168300
-2168600
-2168900
-2169200
-2169500
-2169800
-2170100
-2170100
-2170400
-2170700
-2171000
-2171000
-2171000
-2171300
-2171600
-2171900
-2172200
-2172200
-2172500
-2172800
-2173100
-2173400
-2173700
-2174000
-2174300
-2174600
-2174900
-2175200
-2175500
-2175800
-2176100
-2176400
-2176700
-2177000
-2177300
-2177600
-2177900
-2178200
-2178500
-2178800
-2179100
-2179400
-2179700
-2180000
-2180300
-2180600
-2180900
-2180900
-2181200
-2181500
-2181800
-2182100
-2182400
-2182400
-2182700
-2183000
-2183300
-2183600
-2183900
-2184200
-2184500
-2184800
-2185100
-2185100
-2185400
-2185700
-2186000
-2186300
-2186600
-2186900
-2187200
-2187500
-2187800
-2188100
-2188400
-2188700
-2189000
-2189000
-2189300
-2189600
-2189900
-2190200
-2190500
-2190800
-2191100
-2191400
-2191700
-2192000
-2192300
-2192600
-2192900
-2192900
-2193200
-2193500
-2193800
-2194100
-2194400
-2194700
-2195000
-2195300
-2195600
-2195900
-2196200
-2196500
-2196800
-2197100
-2197400
-2197700
-2198000
-2198300
-2198600
-2198900
-2199200
-2199500
-2199800
-2200100
-2200400
-2200700
-2201000
-2201300
-2201600
-2201900
-2201900
-2202200
-2202200
-2202200
-2202500
-2202800
-2203100
-2203400
-2203700
-2204000
-2204300
-2204600
-2204900
-2205200
-2205500
-2205800
-2206100
-2206400
-2206700
-2207000
-2207300
-2207600
-2207900
-2208200
-2208500
-2208800
-2209100
-2209400
-2209700
-2210000
-2210300
-2210600
-2210900
-2211200
-2211200
-2211500
-2211800
-2212100
-2212400
-2212700
-2213000
-2213300
-2213600
-2213900
-2214200
-2214500
-2214800
-2215100
-2212400
-2212700
-2213000
-2213300
-2213600
-2213900
-2214200
-2214500
-2214800
-2215100
-2215400
-2215700
-2216000
-2216300
-2216600
-2216900
-2217200
-2217500
-2217800
-2218100
-2215400
-2215700
-2216000
-2216300
-2216600
-2216900
-2217200
-2217500
-2217800
-2218100
-2218100
-2218400
-2218400
-2218700
-2219000
-2219000
-2219000
-2219300
-2219600
-2219900
-2220200
-2220500
-2220800
-2221100
-2221400
-2221700
-2222000
-2222000
-2222300
-2222600
-2222900
-2223200
-2223500
-2223800
-2224100
-2224400
-2224700
-2225000
-2225300
-2225600
-2225900
-2226200
-2226500
-2226800
-2227100
-2227400
-2227700
-2228000
-2228300
-2228600
-2228900
-2229200
-2229500
-2229800
-2230100
-2230400
-2230700
-2231000
-2231300
-2231600
-2228900
-2229200
-2229500
-2229500
-2229800
-2230100
-2230400
-2230700
-2231000
-2231300
-2231600
-2231900
-2231900
-2232200
-2232200
-2232500
-2232800
-2233100
-2233400
-2233700
-2234000
-2234300
-2234600
-2234900
-2235200
-2235500
-2235800
-2236100
-2236400
-2236700
-2236700
-2237000
-2237300
-2237600
-2237900
-2238200
-2238500
-2238800
-2236100
-2236400
-2236700
-2237000
-2237300
-2237600
-2237900
-2238200
-2238500
-2238800
-2239100
-2239400
-2239700
-2240000
-2240300
-2240600
-2240900
-2241200
-2241500
-2241800
-2242100
-2242400
-2242400
-2242400
-2242700
-2243000
-2243300
-2243600
-2243900
-2244200
-2244500
-2244800
-2245100
-2245400
-2245700
-2246000
-2246300
-2246600
-2246900
-2247200
-2247500
-2247800
-2248100
-2248400
-2248700
-2249000
-2249300
-2249600
-2249900
-2250200
-2250500
-2250800
-2251100
-2251400
-2251700
-2251700
-2252000
-2252300
-2252600
-2252900
-2252900
-2253200
-2253500
-2253800
-2254100
-2254400
-2254700
-2255000
-2255300
-2255600
-2255900
-2256200
-2256500
-2256800
-2257100
-2257400
-2257700
-2258000
-2258300
-2258600
-2258900
-2259200
-2259500
-2259500
-2259800
-2260100
-2260400
-2260700
-2261000
-2261300
-2261600
-2261600
-2261900
-2262200
-2262500
-2262800
-2263100
-2263400
-2263700
-2264000
-2264300
-2264600
-2264900
-2265200
-2265200
-2265500
-2265800
-2266100
-2266400
-2266700
-2267000
-2267300
-2267600
-2267900
-2268200
-2268500
-2265800
-2266100
-2266400
-2266700
-2267000
-2267300
-2267600
-2267600
-2267900
-2268200
-2268500
-2268800
-2269100
-2269400
-2269700
-2270000
-2270300
-2270600
-2270900
-2271200
-2271500
-2271800
-2272100
-2272100
-2272400
-2272700
-2273000
-2273300
-2273600
-2273900
-2274200
-2274500
-2274800
-2275100
-2275400
-2275700
-2276000
-2276300
-2276600
-2276900
-2276900
-2277200
-2277500
-2277800
-2278100
-2278400
-2278400
-2278700
-2279000
-2279300
-2279600
-2279900
-2280200
-2280500
-2280800
-2281100
-2281400
-2281700
-2282000
-2282300
-2282600
-2282900
-2283200
-2283500
-2283800
-2284100
-2284400
-2284700
-2285000
-2285300
-2285600
-2285900
-2286200
-2286500
-2286800
-2287100
-2287400
-2287700
-2287700
-2288000
-2288300
-2288600
-2288600
-2288900
-2289200
-2289500
-2289800
-2289800
-2289800
-2290100
-2290400
-2290400
-2290700
-2291000
-2291300
-2291600
-2291900
-2292200
-2289500
-2289800
-2290100
-2290400
-2290700
-2291000
-2291000
-2291300
